2 500
1.004651012419678 -0.3753426813725647 
0.5343481223663913 -0.04223101203568517 
-0.0994337834233645 -0.1348016551155881 
0.31672278990351055 0.18392663750779395 
0.190904138658559 -0.21214088802960318 
-0.0464489198309434 0.08167004524860495 
0.27798318394876415 0.34054452273434255 
0.6865174847798258 -0.7607853794093827 
0.2215766110374811 -0.02955142922218485 
0.2071346806411165 0.009237113036477701 
0.7076254540384768 0.5274830984605132 
-0.09152581325616867 0.22667566242722123 
-0.106902674840056 -0.1627705242147127 
0.22754810933214897 -0.2199782287675066 
0.10194288434722144 0.2780905140409273 
0.5494891912335718 -0.7643222361287775 
0.0927039660671553 0.3170754792427638 
0.5855760574495562 0.718265500472823 
0.45975812618783674 0.6230799707301617 
-0.10473615063171482 0.29767464697910934 
-0.34647823514301096 -0.07170638422657043 
0.8467464550155008 0.403104123062878 
0.1256208086443456 -1.0547074097679747 
-0.262036887973115 -0.8383221939781891 
-0.0034255124556273643 -0.26198163122108414 
1.0603803802288385 -0.30410575916986193 
-0.48021952837379595 -0.836617113672414 
0.7165150459869049 0.774081336219905 
-0.41294187264243054 0.051042575092052025 
-0.9687681470665719 0.4135478613627547 
-0.2293352385632423 0.0202357195967579 
0.07317520344886974 -0.3223333634656619 
0.19330422253902593 -0.1847496908783379 
-0.12515896686331413 0.30849174975771365 
0.45362023175452776 0.8717007964898897 
-0.5864946036356676 0.7297051312321081 
-0.9663599490576483 -0.05485463700290992 
-0.9721262889513365 -0.21265115305476773 
0.357842056182586 -0.07050246684101268 
-0.0919538852394759 -0.20425217688767489 
0.2860158652509877 0.013142183139069893 
-0.5054515896185366 -0.8683361229432229 
0.23164410589221185 0.015487697311931142 
-0.20978983918763322 0.23432673865463735 
-0.04751047722803193 0.3136496664315692 
-0.1635171184649809 -0.8433892968289814 
0.1257074499481728 -0.28063506489507284 
1.0179488991279892 0.6071889715982655 
0.2379716189120868 -0.1261033510143991 
0.6851318964992721 0.5349386944039045 
-0.8137461534370825 -0.45757435818645714 
0.5117898142826458 -0.8438347529270366 
-0.5101369240088858 -0.839444328314617 
0.799106091462457 -0.5143127384531828 
-0.4279769696368655 -0.8903629840274064 
0.14259125162638567 0.22571313461605533 
-0.0010422227873639715 0.2545049097955704 
0.5152553921647437 0.8452254685383433 
-0.2313899389051358 -0.2705999510580924 
-0.2676510262955756 -0.3007919940418725 
-0.8911261438424676 -0.48831320574093146 
-0.7076258653697132 0.06319074106971129 
-0.9525339991894973 -0.23482720988771186 
-0.7273736417865144 0.5831415876930781 
0.08791226517113947 0.9563612583717379 
-0.3987778125670079 -0.8036287738284115 
0.12166783046395042 -0.9758398755104805 
0.05646964401171207 0.967097055865327 
0.3208372549974997 0.21073103416145922 
0.6484710752330429 0.8314568915883895 
0.08908949648246552 0.26212574649443765 
0.26619332495663334 -0.23782311829334454 
0.28216839440636704 -1.007590082049866 
0.2784602194155844 0.8208489621702606 
-0.19432806391623778 0.20656212979491148 
0.16757817877178763 0.16831780188305218 
-0.18089920805385873 -0.9308250665091337 
0.011556607561060157 1.0157113338686994 
0.24518110275239458 -0.1585212345119778 
-0.2096515879738598 0.2511643834128291 
-0.051957165108998324 -0.39780659628535187 
0.16813315236872564 -0.27314452165276354 
0.16415259899795318 -0.2040756052608791 
-0.13301702220627215 -0.07931956429258044 
-0.31224840657606684 0.04932411277493317 
-0.8967444129594682 0.1614591371876655 
0.888123437614577 0.030239671998092625 
0.4776983217030694 0.9178015191563823 
1.002714162074802 0.06662182567784007 
-0.3913909019175924 -0.21856354061478556 
0.7640501570501791 0.7158316235566319 
1.0362348499438732 0.12081108342842942 
-0.21209298530128326 0.16821660714358094 
-0.7935156126841112 -0.6753100022341798 
0.7980054149109486 -0.2698106522847943 
-0.7552896946766918 -0.3456625282543224 
-0.1987151625468034 -0.2490481708449097 
-0.21006148097037056 0.07150402157772223 
0.1561135863440837 -0.15997303179968256 
-0.09606439624569406 -0.27265104041186194 
-0.3339238645692775 0.8612980334184662 
-0.08680629585122648 -0.9489365311769824 
0.08765906159159786 -0.3127080461878675 
0.777472956251697 -0.5791934053001226 
0.40508537931659305 0.06668029690147453 
0.603945793093945 0.847826554852403 
-0.18958675740646191 -0.32235165295781903 
0.240384930612206 0.1757999013552708 
0.22835390532392721 0.19250392673474714 
0.11697784236580097 -0.4353645810227444 
0.307329350133001 0.18775011153657317 
0.3632079894322841 -0.17938566395616573 
-0.45946065714062995 -1.0161969615471265 
-0.3070101907916596 0.20197343021191258 
-1.0170284858351475 0.052193558634398465 
-0.07372481628582597 -0.4207318528213658 
0.23634226857771287 -1.039634700367791 
-0.13628387775590406 -0.06950135616387446 
-0.24346720658798357 0.17577129127623387 
-0.26601753264608424 -0.014236567178251655 
-0.388417993991052 0.8689382810402425 
1.0100263632178408 0.37471198946869105 
0.022487030655285584 -0.2503819403455972 
0.31527536046770704 0.24123809843486335 
0.21738464857686896 -0.12076099756253746 
-0.18758123539830915 0.24350409348853333 
0.21720806059091768 0.9596117889581348 
-0.9338254984809811 0.3604895077580893 
0.20811018249256064 -0.1823741760031748 
0.21829931134406952 0.11477318761814038 
0.31369878122563005 0.42690639376258205 
-0.376484589562473 -0.14615704559089426 
0.036761471738594294 -0.4637702502810408 
0.29144368622661 0.9494635101832373 
-0.08905610259909572 0.1683054469467829 
-0.804770180231212 -0.6150213313936137 
-0.5940677607027411 0.8453751336597443 
0.4601126556756061 -0.9995804606095712 
0.3478102774626474 -0.15770015050666752 
0.2987323432156681 -0.11201897898695737 
-0.12336691642474476 -0.31456476546692386 
0.5968161373385331 -0.7752898376700644 
-0.30436445771306275 -0.3197958155792674 
-0.22715017012407457 0.9338237529519848 
-0.4510125965788331 -0.08648307349676915 
0.008475733816403246 -0.3480261282116855 
-0.4965087664214278 0.9038846730757475 
0.018213548045018527 0.30384813750443473 
-0.24770000032169773 0.3921211193468953 
0.9833092151211031 -0.16953956603057696 
0.5106987858423784 -0.7610518310410136 
0.0872150064207489 -0.9177324700344638 
0.05496453699232226 0.30951199325526324 
-0.9604179137111696 -0.3986262586018539 
-0.22441413501389867 0.2213390051629488 
0.2414188575225755 -0.01211301428132346 
-0.166050121538623 0.38464804560312693 
0.15637926452394912 0.0997198260819209 
0.21202304796450183 0.18692458603164042 
0.9811777884761522 0.11418594296899887 
0.15184081709040198 0.354386507565173 
0.9109068209230795 0.5479437529677569 
-0.010121320387443504 -0.273665170153447 
0.25822439995728036 -0.36373488081048155 
0.8561412177269601 -0.5065881958235816 
-1.0136020243389796 -0.39168047293442043 
0.057867018157223366 0.13516004960625524 
0.527007121683145 0.789217884949325 
0.7750440770628644 0.31865513141434715 
0.06041913346386825 0.9173968449214975 
-1.1455294966789609 0.03398890678687745 
0.17474877238958333 0.13689440012233833 
0.6958460475186405 -0.6499601736767666 
0.23699026157926564 0.18371371662277713 
0.26852415123203055 0.13913373915926353 
-0.10083302611272608 -0.18668123220280775 
0.2328483711491393 -0.3558887904554111 
0.9981347588878772 0.15346550701409722 
-0.11666928362736914 0.1656604061492677 
0.12853214852491385 -0.3810697646739589 
-0.1496000165737825 -0.03556487839070248 
0.03743652415441964 0.3043268682761464 
0.9050170402142829 0.370587557147564 
-0.2006406406858721 0.22286337987817664 
-0.9249510071357026 -0.16518755269502375 
-0.7886484466917916 0.3660401435536671 
-0.8436567422112913 0.38773538858322093 
-0.8788176359306424 0.29839181242831203 
-0.9778237228924616 -0.19300150726353302 
0.11971001228549266 0.35480044747032563 
0.13811087983532297 -0.2959401128817608 
-0.14269081051005494 -0.018472491408969147 
0.14377849751971014 -0.26299511052196156 
-0.6016174607431644 -0.8096753795632172 
-0.07668023454569778 0.3166796779230882 
-0.597685726219035 0.8234800108444539 
-0.0008857218026625951 -0.31545531922249087 
-0.3350669732706648 -0.15777876130257834 
-0.6757029607429059 0.5862375806100797 
0.3141263841219754 -0.06032982013266526 
0.6745095625902449 -0.739928742971488 
0.34294635783744515 -1.0007748118957254 
0.3074650048906853 0.8818804237761145 
0.5399841456742525 -0.8984674367730406 
-0.967892103409489 -0.048631813633900206 
-0.587414513445593 0.9806973124553664 
0.11220196836562239 -0.9094685657393614 
-0.005401027075683192 0.253970487931955 
-0.27795015334554907 0.8676622417573009 
-0.8294267218770763 0.22338598563783224 
-0.12599999389767122 0.2518242767412674 
-0.11661425669707487 -0.23328928166729085 
-0.20928538966267604 -0.30235974220262646 
0.33764616017297094 -0.8855300268840405 
0.03977539240530424 0.31098612497659206 
0.9291024994333736 0.5708611516738621 
0.9879959868229394 0.41563842895776604 
-0.24701911662057335 0.2385100035227228 
0.057971364009960336 0.2851666531010142 
-0.011312284187379389 -0.2244030766464473 
0.24970793720463616 1.0006457167948752 
-0.7146718938376553 0.49345780540682826 
1.098425923114382 0.069220539922959 
-0.25103201449794865 0.0639344946474872 
0.3046269701556018 -0.1902997202445396 
-0.20731041498261313 0.18646838908165314 
-0.021421549568602344 -0.22229644886833522 
0.1220269495643503 -0.9860433851488822 
-0.45353851356624886 0.7366423935292161 
-1.0411760554179437 0.41529299905137934 
0.9747752308935709 0.21890198481218584 
-0.14586892392367368 -0.9606506469735089 
-0.8238126363948406 -0.4058898547671169 
0.8266972141272954 -0.49851991513088184 
-0.7606628510497471 -0.7499124892271408 
-0.9519878678822815 0.2653808409328399 
-0.22839885935187035 -0.09269469391991242 
-0.6927072127911722 -0.6812354333134648 
-0.1902576882485767 0.30613069047287667 
-0.14984360426955154 -0.9973497498968341 
-0.23995628447374512 -0.31404448506377747 
0.6835923353796152 0.689321195637246 
-0.42565762506529425 -0.3005635189867057 
-1.0009404415711374 -0.3196645954931718 
-0.4286134213393975 0.005794582125064354 
0.09710249626032108 0.263399567291865 
-1.0845214713819182 -0.061453583235171236 
0.3450126777122352 -0.97114086890183 
-0.259540917035902 0.04172328202903934 
-0.276363808546232 0.07832899506254457 
0.18564063505749578 -0.24896218193004585 
-0.28388267558950137 0.1078220585104549 
-0.9635904789376448 0.5770064038240482 
0.8935598950933523 -0.1250164191246199 
0.22052218533307472 0.1458057517437894 
-0.32982316178129845 0.16567955398560952 
-0.15730837186506566 -0.9959319727234084 
-1.091795579734138 0.1416909271370036 
0.5998253891008226 0.9405371719383426 
-0.33780161338785836 -0.06642861400389455 
0.10956639917313551 0.3709221783695336 
-0.8210247562032938 -0.560521742204656 
0.42129602088675133 1.0560462818239007 
0.9537500054963156 -0.02695667127821525 
-0.20638412426983327 0.001567787427984484 
-0.7164172728828647 0.8281886159879427 
1.0614155435484631 -0.10340624146556819 
-0.8513212579922093 -0.596353944169509 
0.23772706790545933 -0.008044616641367734 
0.5653044204777882 0.8916168751961387 
0.8109932126219689 0.3922436434151989 
-0.3289450233241055 -0.14291897249781527 
-0.1448754794989783 0.9752832706390422 
-0.11948314815862002 -0.26467084072679264 
-0.39837341539638527 -0.05129715191478575 
-0.5557098507914993 -0.8896526212450561 
-0.19547159346632262 0.34368112953317537 
-0.09539365090787258 -1.0133625601427836 
0.24560158934819562 0.17178122447280175 
0.8413195834179511 0.3014198847069538 
-0.32694571149485846 -0.06360014389390652 
-0.7262565921013059 0.8155577346635624 
-0.7868650601214989 0.776580545732029 
-0.17527162130438503 0.22040753154903642 
0.18618725438353975 0.027485037764984226 
-0.30119219845778633 0.08382354535496919 
-0.7380276916078168 -0.6565668324223474 
-1.1151297942142897 -0.12414398031312167 
0.26386471305997794 0.22479456223393016 
0.048844266161295904 -0.3582703542305614 
-0.14862568636804796 -0.3722480809009831 
0.2627917121542623 -0.31502463438508954 
0.030684570786565224 0.9688161599660615 
0.7916250054616992 -0.3814672761318112 
0.938707296404895 0.18581168651066446 
0.12405236578683781 1.127499089941832 
0.2103913648223075 -0.03595208038068544 
0.038931546399156275 0.9531800089330799 
-0.2814262261247895 0.20021079683856965 
0.14064872929710368 -0.052540995580287825 
0.23018176013063865 -0.1625488266919275 
-0.7432173649875634 0.7504845372996702 
-0.33205146835634664 0.02590193818732235 
-0.19794593843466668 -0.24414116251179233 
0.34514981745484996 -0.856084866708288 
1.000746586399903 -0.24581275278710094 
0.37297213235503124 -0.9341514109069415 
0.7032487059925445 -0.5504737826624317 
-0.2586525032746132 0.39589297502451803 
0.04154223017160971 -1.0422861322507577 
0.29957787019511345 -0.07882266748583824 
-0.39659602148584877 -0.961243568848763 
-0.32939935772604834 0.19906756027688194 
-0.9580281342044115 0.339359899499396 
-0.5492898706417731 0.8705035613242325 
0.5117408705420087 0.7924589969584497 
-1.039122137857167 0.44529052882406944 
0.7875046998990937 -0.4652395393049563 
0.9771953944265063 -0.23440970508566972 
0.762974031974668 0.6818536161368024 
-0.3013209201205029 0.029876478509243375 
0.1494975462903411 0.7544692791226629 
0.6205536126357124 0.7756830584081504 
-0.26989827518945575 -0.06608258205499387 
-0.28863927913248405 0.17543859651555244 
-0.13406583602800162 -1.0024429488556041 
-1.1277833473617263 -0.10931154336053622 
-0.23662485316803342 0.07956005388837566 
-0.27443946715352024 0.12412904690785696 
0.9355685837939842 0.7071005158439561 
0.6250034288410609 -0.9475745905300947 
-0.44789629807995585 -0.15607121521523606 
1.113905126713031 -0.042309510986322935 
-0.23930440805713366 1.0393518776120108 
0.13554344797062962 -0.013908313233376643 
-1.2250720410153204 0.010156675182425388 
-0.23760064585079205 -0.0875209772467149 
-0.13655931816044986 -0.18882848231648997 
-0.25020157860239384 -0.21029105771556608 
0.12562534696505867 1.1419341797551765 
0.9083760871433211 0.07023002271118087 
-0.19515887506910387 0.26427363625683736 
-0.32032276771368917 -0.2113065950264119 
-0.6794948316126569 -0.7657954142566741 
0.12115027979012538 0.0733488572060951 
-0.07502369811700563 -0.294343947803309 
-0.3414282956917861 0.8974016148476763 
0.9604258124008338 -0.02469726258546988 
0.31223572690441925 -0.07234220476442427 
-0.6280593052698281 -0.7835487430004199 
0.3194008249285396 -0.19081139073102787 
-0.47026470067039083 -0.9193323395804436 
0.2251772524432452 -0.25931018644636994 
1.029194061188987 0.2491442101828971 
-0.19250081848303996 -1.070193552423504 
-0.298206326533861 -0.1819798778213729 
-1.1005293172059536 0.021482619743364725 
-0.5509463089543605 -0.8974924277389011 
-0.07292767666043753 0.33246367717910275 
-0.15669874288102872 0.2296086644442623 
0.6625748141046568 0.60436619008991 
-0.490641502181307 -0.8555213074283035 
-0.258472826572267 -0.1512196113221495 
-0.7759682100488533 0.3634246313464752 
0.8162248263226055 -0.5829535645044283 
-0.1682192899774623 -0.8976687448090095 
-0.9025046395639673 0.3566496070451135 
0.8961272220309625 -0.5258773189466638 
0.249448479133341 -0.19684849881287747 
0.4095918608799041 -0.022291683089735788 
-0.1417720857405705 -0.3614559586974877 
-0.009355039539724913 -0.39510655322019383 
0.16129099381129403 -0.11169608786502824 
-0.1991102054472451 -0.18711383373695514 
0.296767655879979 0.9282769965142854 
-0.1103076460065263 -0.31709056635762267 
-0.40117586729794125 -0.8029757995484356 
-0.31399673335393047 0.2424122198484575 
0.022923846992286973 -0.29147991999382655 
-0.6420065398283201 0.6874551310223537 
-0.050017654919529 -0.3092077834575404 
0.2606245219664957 -1.024758537151559 
0.8137305207999573 -0.6457688523829065 
0.3086564817234473 0.08164028413268887 
-0.13879095472945713 0.2385119472519601 
-0.19940180982551733 0.9057580971421342 
-0.5299603293806292 0.8500259601599556 
-0.09790808115383297 -0.24768642165825197 
-0.8831794562896059 0.5211246973276094 
0.4446334477891415 -0.8397725625652932 
-0.2037446313335394 0.38141317992527 
-0.018657359815781618 -0.511742894939741 
-0.5351311929381675 -0.8211117437690213 
0.7551035462966799 -0.7595420582950054 
-0.44186524229962465 0.8780545937258925 
-0.7075177500364604 0.6697651815925145 
-0.13341308023587295 0.22417629982227733 
-6.517840875262804e-05 0.3151777594062233 
0.2536845556942633 0.008474916062939847 
0.23326772332156143 -0.1950801420365826 
0.8067165000420361 -0.5659432018658597 
0.12005131158658255 -0.07422750932527741 
-1.0179000758743204 -0.39256609765674966 
1.0205377469610388 -0.34126497540383477 
-1.1621841411139786 -0.006138779575471993 
-0.25253601719586327 0.1291360755957642 
0.14810859631983342 0.18670535383935727 
0.9849568190534361 -0.42963552017984663 
0.08113936511175218 -0.3418417116071205 
0.1743196914433457 -0.28728791966694645 
-0.6393898173977147 0.7391002804278353 
0.20250161115604345 0.07491144418195916 
0.39827981520663325 1.1362541398636505 
-0.37409206739503886 -0.01621309916265476 
0.013045935018928465 -0.29422703693168345 
-0.7144183608533049 0.6116826672076005 
0.1428003500986054 -0.011600680786838541 
-0.13849190022261165 -0.29838803736943714 
-0.16358536668341653 0.9570272866935767 
0.20147682037757964 1.0872998429251015 
-0.1569332804109965 -0.1957315732338183 
-0.7952055284727891 -0.45614460033100895 
0.1015142531715979 1.0735468919497686 
0.2267778728969994 0.2265712904532185 
0.3059501637335443 0.21315869888200423 
0.2825740452087982 -0.03573141339948535 
0.9625108584673938 0.4668678572300263 
0.024046979092470944 -0.08295271864811116 
-0.09656190421310278 0.27717281827691354 
-0.9640841378575775 0.07706860398767301 
-0.21038151492048038 0.25027896336498573 
-0.10795347596020041 -0.15498971274901271 
-0.2688676621098637 0.3906474329888652 
-0.06801655559446143 -0.22404151584777005 
0.46686520638009854 -0.12274289269589464 
0.28069478104138557 0.12944002691834378 
0.06968696410887977 -0.9700196958524566 
0.32536481389610755 -0.2459823590589255 
1.082519349206874 -0.20966503603236397 
-0.9649426822715361 -0.16174057735193506 
-0.5207609633801782 0.8148350588352807 
-0.3461866321928842 0.972481289851315 
0.2782369113237002 -0.47924027691777854 
0.20301917387787907 -0.9381785009441923 
-0.871309234311079 0.5491977558956451 
0.17452861023408142 0.19202387508089375 
0.96188448730489 0.4034223422399673 
-0.49143574852036453 0.031678677977185654 
-0.48418915158136566 -0.5803686315917655 
-0.1235249466460027 0.23077800256115086 
-0.7275143973484828 -0.6998459980433972 
0.08161537452246057 -1.1155997449013126 
0.4475512324314271 -0.8418681511566485 
0.1899418669025176 -1.0128551428726116 
-0.002754133922356357 0.3445644112443713 
0.722360781895868 0.7284878979795424 
0.17775784952766227 -0.17424432794781775 
0.1055390971221816 0.2712313747512227 
-0.36038743817884644 1.030081791959323 
0.3236652426208406 -0.14685655023013655 
0.09912511527545662 0.24619893775832993 
-1.1592359573099906 0.13309335641194034 
-1.047557527985925 -0.175075351570335 
-0.25753994642739375 -0.2409816811873397 
1.0006092937343627 0.1491927764366442 
-0.12199430264555886 0.33634313313991465 
-0.7980749026902071 -0.6721522260046616 
0.09878993706285209 0.32016692392964025 
0.12377454517292888 0.13543664617489398 
1.0525318252186864 -0.2646596592583552 
0.06199972557145886 -0.19059351419568143 
-0.04803629100554698 0.3230327807721728 
0.08174167652507666 -0.45130208278887873 
0.8507046686764773 -0.6280456987944045 
0.9233941991868968 -0.37676668948652664 
0.39427030170462396 -0.8131385697634479 
0.28073081464062083 0.10433492106118303 
-0.2242157162923526 1.1670129733262284 
0.023866881028322018 1.012167180648623 
0.7520750999724906 0.45786999140841766 
-0.7374499148025184 -0.6741068837731145 
0.04962197848906037 0.11183162260175022 
0.7578857283874062 0.5627048459398329 
-0.1854019526151738 0.965561221723606 
0.31215442957158923 -0.9952208991820299 
-0.07615383667496778 -0.18496931089106483 
-0.17211391078452248 -0.1958694328207783 
-0.9841263361335911 0.17260726552618819 
0.19544935214754133 -0.31600505224497044 
0.568863581177336 -0.9069371089701329 
0.33258612016712036 -0.20492369398955712 
0.8144461925571913 -0.5655691208288741 
0.29527069826222685 0.3410081244870513 
-0.286479291587547 0.10815657390988358 
-0.7312506216906983 -0.8134848381204038 
-0.36800200889874546 -1.134199893929013 
-0.3284123763853967 -0.24314904225876413 
0.21366301604608684 0.013436741285808379 
0.24966015996138546 1.1453401795080005 
0.20749814096284036 0.27548748818010393 
