2 2000
1.0691970637516082 0.11494595514294857 
-0.7271350646752253 0.607136648402783 
0.59244645116369 -0.42536319796291994 
1.273539143786863 -0.42228769959691886 
0.6658974975355134 -0.6326258009589515 
-0.5910987421770606 0.7631890320276821 
-0.8755708097603984 0.4809627107596861 
-0.8311117156733296 0.4894718523997549 
-1.0093187582735157 0.013289917803403481 
0.8825310319066862 0.40516203326015676 
0.8282192846102023 -0.4175931438015384 
0.5235980912003733 0.8982100594465766 
0.22920073817276276 -0.2738169214652056 
1.461649026353327 -0.4174318236838731 
0.10644205647998328 0.08142639474720238 
0.6160558478564258 0.8155412031694476 
-0.9331777928485688 0.13177135006143847 
0.8165554645278147 -0.4670663396130081 
0.625490183734205 0.5956351244409467 
-0.8908906536838603 0.09324609010273932 
-0.9934344586001487 0.13000153124909658 
1.6924217629423042 -0.12992491161525782 
0.9865188837526748 0.2245061632072603 
0.1241014563343814 -0.011027807582382192 
0.13311666610594491 -0.025511564986448604 
0.16368355158761394 0.9759019320236605 
1.1229590311004851 -0.46590115337204435 
-1.0574654317764263 0.07851870642893496 
1.742608652003592 -0.041677666972237765 
-0.10905449836831525 0.9326842755070597 
0.27286899592824143 -0.14610924760853264 
0.9857600520248223 0.23341017214558185 
0.01756042419357401 0.20769808892670832 
0.4513478249423845 -0.24809420040708452 
0.9660528699369881 -0.4750987521764373 
0.0962397047426882 -0.0794065484396005 
-0.6691994453868876 0.7774528287625164 
0.41634915297189845 -0.29676160203460267 
1.5335419475775434 -0.28144829378981107 
-0.8877706455476414 0.49686225366125814 
-0.09954005496883428 0.16255205263733719 
0.16300338800631908 0.030403504648162494 
0.7822122606222031 0.5330439372051502 
1.8643582218744716 0.018585832723218502 
-0.5124515338455166 0.8086790580387191 
0.7415602578431838 0.6539439090810379 
-0.23352098063825888 0.8702810039112583 
0.8286674010373932 0.4628336889315025 
0.5741213919042929 0.6462763525793416 
-0.7614038554223088 0.5951646373179971 
0.4997065943512959 -0.4330190645735768 
0.6700476882442084 0.7144604931480462 
-0.7412626144795134 0.4968410441143032 
1.5987697334940512 -0.21542267668326515 
-0.5579185580505837 0.7885572829200149 
0.19746607415336587 -0.25241255364547244 
0.8500984173943262 0.48258063267350204 
0.4515171820003484 -0.1636140416500415 
1.3963867906862077 -0.44249548927586807 
1.2848499894033034 -0.5491543268814709 
1.1141636697000568 0.22377599001301426 
0.72157272121731 0.5931878715597996 
0.7733261150965515 0.6325633762540792 
0.5264569484693423 -0.3474343172644863 
1.4507951685244982 -0.35127834943599723 
1.8612222873529267 0.188121440243326 
1.3418862743301927 -0.4854881663155487 
0.04520714617108791 0.2532051751685095 
-0.22640957780512067 0.8263396818662411 
-0.00807637419997987 0.9694481479229412 
0.8514511236283457 -0.5235492921663929 
1.6624795171441746 -0.22020256235446903 
-0.745198264818608 0.6546529828422308 
1.7838459547703898 -0.18749629717378563 
1.656349336791057 -0.05637422228503114 
2.0452704748543757 0.2552872210105837 
2.056013101850444 0.3002657832266661 
0.11192735866538861 -0.2671570989164767 
0.6818549249373211 -0.5323927514325036 
-0.9484297673936227 0.26024282447613994 
0.00825499700043005 0.4974849616899347 
-1.0684935685966563 0.17291705176650396 
-0.27072687866223455 0.8950910075805926 
0.7612366983995023 0.5560547312736117 
-0.344200444071058 1.0010168327560585 
1.5312673762875948 -0.239244601089385 
0.932254118604323 0.2664686837194754 
1.5179390883058113 -0.24082645375965395 
0.28652592149796147 -0.2568742822222278 
-0.7356793388694087 0.6613771320326627 
0.8470722912779676 -0.5661664734493105 
0.02420392560461087 0.25240823679645485 
-0.3894182909330761 0.8421244059764151 
0.8626595616943755 -0.5318252298200682 
0.8007208447744905 0.07296104507772853 
-0.1110665103313023 1.0011542165178582 
0.8043213486230036 0.6367231659455099 
1.5517235390662882 -0.42790897632015623 
0.4761869040488057 0.698013355213031 
0.8932917290642398 0.674774440858528 
-1.0531499596532696 0.18446847950247797 
0.852688667837757 -0.4736052885454152 
0.209223958639775 0.21036712531375057 
-0.5191931281722648 0.8590420083763957 
0.14886784703757672 0.2309285356762569 
1.0973671059095866 -0.4949398100557082 
0.3870263210919752 -0.22770594920932086 
0.44400654568883013 0.8395998230744198 
-0.9694048891084446 0.08495661987727211 
-0.09326557056134525 1.0896737856752599 
-0.21779720212192513 1.0240854763319551 
-1.1278102994163346 0.12424930532590121 
0.6466124567221617 0.8248274204015152 
0.21250085800755167 -0.05423551945134907 
-0.7851449603179069 0.6689542154283628 
-0.43190158010163243 0.9273086213178109 
-0.5043124117593804 0.9175409328159195 
-0.5314387456982831 0.9286501973910605 
-0.6716397340906255 0.7594875231272608 
1.4539509531880423 -0.4413792053595447 
0.08969029421266687 -0.0854699016032863 
-0.7694987838993429 0.6037297487416308 
1.8110453261454462 -0.2074204305951062 
-0.011879956570728156 0.4042790187828817 
1.8752253903137783 0.4802489863559647 
-0.6926741493873949 0.6705144695753528 
1.9121788854402835 -0.08329306848754417 
0.06893585335258713 0.07349164797641305 
1.9822196783347332 0.07102742231153442 
1.5921204961796556 -0.1738352789035982 
0.21544601963598708 -0.24086019282707966 
0.3832411993036689 0.9109819832008735 
0.9815846594882991 -0.5525667420027071 
-0.9980724743198266 0.22283606315820745 
2.0145656469816795 0.32193425972601747 
1.953017653275001 0.17443251833728352 
0.4109374684616979 0.952420472361218 
0.5650192194047844 -0.3285196395932425 
-0.5202495778219584 0.93902939344254 
0.41405684400808596 -0.12880850163431162 
0.5612275693033617 0.750223917019925 
1.5504395780454756 -0.33517203019021274 
0.10346119757367206 0.9766812680672491 
1.5432153842922027 -0.31431793195236607 
1.606761316281771 -0.2555313356181129 
0.8427404336253338 0.43801030910360755 
0.6646124866462045 0.7398898764821303 
1.5989888425493226 -0.1951106123267232 
0.9059320768915722 -0.428903191337753 
0.3445682963748973 -0.33002438593777805 
0.7989138004715162 0.7048501869374539 
1.4511773678313962 -0.3426948291277685 
-0.2586897247171824 0.9500726242629491 
-0.04112863274422795 1.028221479007777 
0.9942934858999983 -0.5234697295741472 
-0.8917677268938337 0.4337424275799881 
0.8015680279002066 -0.4446916892373045 
0.9755082671053157 0.08659554831858035 
1.9651015914098362 0.3099151627162765 
2.1145697244331414 0.3602484146398533 
1.7272093319534603 0.025371934749484307 
0.5278952955875931 -0.48482697223992377 
-0.17311742840068994 1.068351408034856 
0.14287641151471198 0.40488641013474397 
-1.0164688209216248 0.06482098267324035 
0.4385508334810839 -0.31828803572469 
1.0818864533527246 -0.45204505483890967 
1.982179766805015 0.1816150672265817 
-0.6351865324587247 0.796710495730002 
-0.010624672701503121 1.0123717552597589 
1.911977514188633 0.06909611120894234 
-0.21219451072529671 0.9566841773055488 
0.002830672646269433 0.3077223259424381 
0.1854066696838208 -0.2543847601759226 
0.41833558575434254 -0.11262592867807093 
-0.45899681796550157 0.8297575528706698 
0.11475417671887127 0.1912850934234422 
1.8168004251540266 -0.05007206699645529 
0.1817333336206533 1.028019568190094 
2.0006332881398783 0.33548383220316497 
1.0054603490253233 0.13189910919818193 
0.7286033992118116 0.6378963693579826 
0.5231527766851001 -0.28296589260286437 
-0.4520529359742599 0.9405854234136388 
-0.6635594416896078 0.6814092669646821 
0.0340009341392208 0.2835276704790744 
1.011056515486215 0.009251278039315657 
-0.5424021789075103 0.8494834986602909 
1.1540003341448635 -0.5652336775206183 
0.5258038312784413 -0.3094474346207584 
-0.6406550373754041 0.753947472623587 
0.29756821411213763 -0.3076157103414691 
0.6892307910976228 -0.4565294971527747 
0.9965345185700708 -0.498676949050658 
-0.8267044632042783 0.6522727745284819 
1.7521786179977008 -0.08472622806954297 
1.0561848184537967 0.031671350981903656 
0.29275491687051336 -0.016688615714067503 
0.9698834895974722 0.3494580849365823 
0.8400653190163646 0.4070140696006633 
1.666192460308069 -0.0734081353695877 
0.5923363463291165 0.8221001026478789 
-0.021522094384098328 0.06242937609661251 
-0.16013551232440312 1.0747768348289228 
0.26071376504226146 -0.13197958455377962 
-0.9439598064397493 0.3998329888812077 
0.04886790071217156 0.8455834912276122 
-0.15109817832402989 1.0127326375957002 
0.4512401570669989 0.886222849949846 
-0.16926716858087856 1.014786248612519 
-1.0051030799823941 0.4971108646174472 
0.6303364273642221 0.8132466892465589 
0.8409610277354698 0.44728156300281957 
0.5723999343603544 0.9112171964268918 
-0.631774763611627 0.8324938086512317 
0.30250457691003335 0.9361339831868429 
1.7126658281792608 -0.11935170031209963 
1.4194540544946084 -0.29905085933682346 
-0.23535719224488302 1.01478990517166 
0.9783394913109447 0.39692054790863773 
2.005685560078966 0.13988680660304034 
0.3109226089056998 0.8284910307776422 
1.2528700858710933 -0.42170945284669353 
1.9881656521744187 0.3515709897543947 
1.2500601213986267 -0.46661480675667916 
-0.9735417016771295 0.39977702988590386 
1.0833404573415075 -0.05685828481009471 
0.34883977140981237 -0.3577780359798197 
1.2479965986353205 -0.3916586176160976 
2.0114177985350374 0.037899233891718564 
-0.022699816104725164 0.43521623209457583 
1.0070151846718232 -0.4541039068923585 
0.13798586079325548 0.23933422537734506 
2.0069698630268062 0.32426500546964465 
-0.3108490882251653 0.9275635582719668 
0.23192648946780495 -0.0518215242170427 
1.6690655459141421 -0.18336708265875515 
0.08587851274006723 0.16034989534532373 
0.08548684973577947 1.021804384406919 
1.4382148631212197 -0.3381148643932729 
0.549558015649082 -0.4806947192068108 
0.9192322772329503 -0.4853252449696743 
1.2233492483273407 -0.4498831007438712 
1.1061516909663165 0.2839555688477274 
0.5027184449218269 0.8618017183692638 
0.24026488327824758 0.32676521990647434 
1.0653901643180284 -0.4593552474921916 
1.1131138280983264 -0.38680655912737755 
1.6473558247650568 -0.3044337021917504 
1.6013573926024052 -0.25935116690006993 
0.3540919629895182 -0.2541840641141345 
-0.47194581525610785 0.8325071626427119 
0.4611474464757944 -0.4012092422926738 
0.4820387569247545 0.7773848772393938 
-0.6727844093865039 0.6092032342096787 
0.5010366728505249 -0.5047933814151445 
0.2805463992213816 0.8645622259344292 
0.1851132051817777 -0.07642260573110717 
0.027400363023099953 0.5218511860448166 
0.5578698811375948 0.7521764814495427 
0.2963271900089771 0.9563757078451015 
1.8372647688739612 -0.04481417309067404 
0.7347949287775121 -0.5071448466953923 
1.7452466090925036 -0.05414926872905912 
1.2287557083718004 -0.32965987800774493 
0.37454893987586607 -0.1999473418583262 
-0.9236977586374537 0.2010391302283859 
0.6572864481776668 0.7108979406069555 
0.05083949083005246 0.1799581295786635 
0.881123078613491 -0.4065730323621576 
-0.6711362030764602 0.7859552951280111 
0.7993622197181389 0.7099372997695766 
-0.6572455698696379 0.7348633300606435 
0.4969920798617867 -0.1919366348337207 
0.9322234352139365 0.3664964563733781 
1.855547460343658 0.07285718223831551 
-1.015252250442563 0.3084204128458579 
0.515924580697394 -0.5172877222306095 
0.21590466667644648 0.938678806142319 
0.2124530924766056 0.9547540123855979 
0.8224262640321465 -0.4216492787719508 
-0.012492340350871323 1.074149935402383 
0.42588252028356866 0.8043106445128296 
-0.039744595825590985 0.35706442237565233 
-0.06508945258035975 0.13992981388653744 
2.008859653520425 0.23673371511368355 
-0.9533224877882687 0.4853422429237714 
0.05763922184574544 0.32658024958963827 
0.2517953370593096 -0.2465827246103562 
-0.2655634682484855 0.8068841977291309 
1.5797024097448782 -0.3812667554345917 
1.636190587291661 -0.24134932468384002 
0.13692337005043742 1.0252955782345017 
1.106686233287359 -0.38030075320359935 
1.6062938754020908 -0.27800570771694844 
0.910622544477685 0.03729974797178171 
1.5142501156497419 -0.2401683590483565 
0.15985211542158345 1.0721549326460629 
-0.5776811225143538 0.7290640904854709 
0.08035894842117806 0.4536320676521403 
1.883854441524894 0.17427662347391681 
-0.22332115187974427 0.968238380136401 
-0.7473170610386318 0.49805997692331533 
-1.0591607933226186 0.12768780649374367 
0.9215126460975486 -0.5165352256595387 
0.15632603442787904 0.05463493890511957 
2.008950667440683 0.3700811054379124 
1.081170831976438 -0.4025907149971051 
-0.9329916981938229 0.0518903949246889 
0.9808613392743146 -0.4525709434503612 
0.48035328360315227 0.8210080897761592 
0.988145594270509 -0.5269527527718686 
1.1042737437141932 0.08597835057511274 
-0.6676818590623618 0.7069278935174499 
-0.07304611186905216 0.9975303205197708 
0.8336968741228464 -0.4332157982274281 
1.6582628523079401 -0.1633117250746467 
0.9997248522285481 0.20894671015898278 
-0.9132520462048691 0.5264168609033382 
0.4766174455776213 -0.4196449330084122 
0.1960584088815767 -0.16194808782953618 
-0.05536252415184503 1.029862057855507 
0.847601217337034 -0.4239606935065241 
0.5747562292784224 0.7749985091257896 
0.4284697241704871 1.1005977136168443 
0.09312810458342924 1.0558412877591292 
0.0022144860453429116 1.0977676409868538 
-0.058730104078521236 0.3669945996399468 
0.9865918331015997 0.2743157370691383 
0.7705633462207149 0.7024071139051384 
0.10296350822376867 0.2589726889045018 
0.08698151777400376 1.0038617648483867 
0.6782292626617695 -0.39978611695136945 
-0.11437811359888256 1.0886437934999476 
-0.5649175340329058 0.6894325992439291 
-0.9050071035334479 0.21237135164716398 
1.6944765263276347 -0.10367110417765937 
1.6387975886399442 -0.4416622604165169 
1.963695816342949 0.13267591455864142 
0.8761650824519353 -0.6000708311667236 
-0.8645547104261435 0.02664243183723783 
0.6842497523141715 0.7856165649664487 
0.7934002437038844 -0.4858983744900392 
-0.6146122846560835 0.775147437726878 
0.13128793238756273 -0.07751304015780844 
0.2675620666206006 -0.086149867158005 
1.9736298666748426 0.2929426793645557 
0.050608188156513655 0.2964643583730818 
-0.9018910041658866 0.22808516093937756 
1.0569546133123078 -0.4194056534153 
0.8559646883342088 -0.36726536357153106 
0.01541722888169179 0.2813450634077072 
1.2264879538824713 -0.5223745130112766 
0.8665287769789768 0.47088334160454215 
0.18443166948898693 0.012449593155217683 
0.5121234295856307 0.7740594112190654 
0.8637096289777965 0.2922346149699323 
-0.4767439991945886 0.7740777586804463 
1.2536108955850496 -0.42942248386787335 
0.05636011726150645 1.0447165384239088 
1.8813768949445941 0.10696436468551138 
-0.9664842506944804 0.14313921057738413 
1.9802221342415753 0.13030615813922716 
-0.4384266208316131 0.8556005300621498 
1.5276439215556767 -0.4031434555680892 
0.9934933528108892 0.3221871996695663 
0.9010217819746056 0.4842121933157208 
0.6090061692633875 -0.33520724574976624 
0.7557224037678205 -0.610691883622899 
-0.7250036058962434 0.9356813379498324 
0.49419656532822165 0.9933370530449203 
1.5468993597815204 -0.3738309694856532 
0.6180291121590035 -0.40660930726909755 
1.8033885892000834 -0.10596897598932548 
-0.6040669896231079 0.7919128999581101 
1.691585441870988 -0.243808401729905 
-0.46586688559795525 0.8762103279184885 
0.14643640010427922 0.058840187406261284 
-0.994544692356461 0.2020642987901999 
0.030219748721572806 0.010545348878715805 
1.0596117363540463 -0.5284266910153966 
0.8743856335244741 0.15628203888054953 
-0.2844932293329152 0.9354082919063417 
-1.1468865170244968 -0.011027856262726093 
1.8016940772047008 0.2890838843218387 
0.878847707414289 0.3903177871584543 
0.8825320413989505 0.07585140413731585 
-0.8424368223241586 0.5666924185812562 
-0.33636785330119007 0.8883437346675443 
0.27323181176764305 -0.1389428236965194 
0.7373549687927027 -0.42126831526764186 
0.41167190102728823 1.0106442831292568 
0.33505280021684153 -0.2857212453562643 
-0.02522815421050597 0.3766200787042944 
-0.050959528547634025 0.18234394455879405 
1.860241382648704 -0.03212656644832758 
1.9077442353542247 0.2147080033879625 
1.553585862942356 -0.2566198719407631 
1.6778913308021468 -0.23648085758864906 
0.8261006059475052 -0.5325341144970334 
-0.030830920137215417 0.921636174578731 
-0.18820621832421974 0.9573681393690212 
0.5106337378885302 -0.4446371329771775 
0.547360144617974 -0.4119117021882423 
1.8118471615522223 -0.11010061239955735 
0.3778893131743237 -0.444395592065865 
0.4440285506416936 0.848500393152865 
1.659911439381963 -0.20491744024675512 
1.2379454898263056 -0.49860561837197565 
0.6953476222842313 -0.49568136594212564 
1.0907489608171506 0.32677906021360215 
0.04957871018289757 0.39006938258882784 
1.4879644842779223 -0.38882645972283203 
-0.6701136843817324 0.6676520222893121 
0.2791147572510203 0.8875455281808414 
0.256270530038684 0.9748759834230876 
0.8091688885449488 0.3922273491501381 
0.5488577809608949 0.8334632047007556 
0.20226891114319331 1.0118755882959773 
-0.8588025112767674 0.4559033488349846 
0.35403955585279806 0.9168534373137924 
1.8967837178078386 -0.04617386793948941 
1.585470550069481 -0.2502622347713853 
-0.7223491651224679 0.7507110295211782 
-0.7703318811220357 0.6392065989918139 
-0.01603817255816474 0.40410324026621847 
0.22841701283641913 0.9891538888885616 
0.4825948803881548 0.922447404541667 
-1.0636072340703986 0.234548734596859 
1.9090146842071267 0.3041354282591795 
0.5295017586753681 0.8227245931556695 
0.13235299767439615 -0.07763202010030454 
-0.9634419216836022 0.3111802940875054 
-0.16695675278385302 0.40780351789414515 
0.8848547041227344 0.38776295804643296 
0.5845332168764173 0.8364388685032648 
-0.09844449191121168 0.9583648833703473 
1.012151633326495 0.3639453753196589 
0.9001050857800219 0.5360013444084476 
2.0582926888705853 0.14871923713737165 
0.45666178959755094 -0.32276375015397235 
-0.37785537097398386 0.9044591142314765 
0.17897633222003015 -0.26773411034770295 
0.8022710460318404 -0.4981232258401651 
0.6410950726659351 0.8005311016965023 
-0.6267764475396527 0.887515783692541 
0.07262683062655322 0.9485772856842809 
0.8245482561776427 -0.5086024839915895 
0.07575786888299355 0.15511879568368864 
1.4463045601981817 -0.4863722352637181 
1.876949174382032 0.09781742785758317 
-0.6706346100550029 0.7974907491361432 
1.6045907034503035 -0.17000496267908644 
0.43206429794062506 1.0392054837300342 
1.0140259619162582 -0.031908959006160906 
-0.9772871788569469 -0.0408111148349581 
0.9568536511508987 0.3193315392269886 
0.4668922357880501 0.8365423198966404 
0.38619423789542257 0.9376552043689378 
-0.012331697293845673 0.316616369176939 
-0.37412279669600224 0.9007584843347181 
0.29795608826394154 0.8878123052921356 
-0.9259780913525116 0.42066564312290206 
1.8704426195589343 -0.10791929161656759 
1.5758505861079393 -0.546777650735452 
1.655450539672355 -0.1503548856110474 
0.11310674255008724 0.0015619717282803185 
0.7939138617088505 0.5987060205796808 
-0.9260905369418752 0.24878592731072668 
0.08580761441882435 1.0187086287145992 
0.2789529324560076 -0.1930021090891654 
0.6069824252402185 0.7433262254336065 
-0.6340287024963143 0.6401927399358394 
0.22669713401939387 -0.05055716793943124 
0.2865138895363737 -0.3242752998751777 
0.9608769413986621 0.19651961714738223 
0.016655379106276014 1.0268370500437256 
1.978664403661598 0.5341460852826718 
1.0264597524434689 -0.48589755816433994 
1.7084547582831333 -0.23187847815362067 
0.07342874166750371 -0.008780755792765826 
-0.8597575592157083 0.5868517245055234 
1.9847643261984291 0.13284859695497994 
1.9243985755321487 -0.06806456042249072 
1.377920406666815 -0.44662598181847357 
0.6145936725212652 -0.3762388272729181 
0.6762754356079775 -0.4025867994527676 
0.0033452342351246167 0.023379676251860153 
-0.02390381388213549 1.11656981298461 
0.12067961281226003 1.096662765309998 
0.8197384718751439 -0.576807536297749 
1.4036944715043924 -0.4707479571885364 
0.12001157473430632 -0.03696189722888015 
-1.0370378704307783 0.2660744626216175 
-0.8141935804330795 0.34172339824530523 
1.9646823872537085 0.35080012942050187 
1.011083032164419 -0.4351331266723693 
-1.078685109452855 0.10754238447762424 
-0.5955219604119529 0.8398602102427155 
-0.8711504693557792 0.2372096588011125 
1.44725666797919 -0.3989888974207862 
1.9122904166036718 0.13251987343934488 
0.9665115444520411 -0.5294113811029937 
0.7838868940579513 0.63542979746902 
0.9089328871459993 0.4502440743035633 
0.9493051283682039 0.04244499602421303 
0.84747033644659 0.21114083201211 
-0.06220286623495545 0.29210214429628417 
1.9362392916765199 -0.09479238739128731 
0.5933195485852014 -0.3538019866891702 
-0.7206376517777298 0.6986661964112701 
0.5658637872270003 0.8569271551839897 
0.37481072929914266 -0.22332345541207196 
0.4398143870832486 0.818005157356036 
-0.03587967719779342 1.001980541387046 
0.20348804498566206 0.016903170788224363 
0.36899937384446896 0.7703840007468816 
1.8241401161758388 -0.02321388503980592 
0.5821556724232906 0.6803906834066868 
1.275798142694189 -0.5209840138029145 
0.7864971943601017 0.7451537786758349 
0.948616791475373 0.15439353692320062 
-0.5699316081866778 0.7337357667742823 
0.26996274557505107 -0.25929047931136934 
0.4150012919226727 0.8812993868315795 
0.5892863851046939 0.7960485249620278 
1.7285301556191104 -0.3222285514084357 
-0.33161248239688235 0.9649898482663739 
0.649204745942683 0.6327585124019552 
-0.8986103444952552 0.49056120795468555 
0.33580859411034875 0.9521972666634909 
1.0259695232361639 -0.4110346406247962 
2.01177405807177 0.33325304571235803 
1.2396615785702805 -0.47101160123331853 
-0.05594221182673528 0.2644300542227445 
1.5173195655695302 -0.29166658267248735 
-0.23606513844115956 1.0032346413441038 
-1.0488107876611963 0.060433374042485666 
0.2366960116026116 -0.11601087283089886 
0.8125557709498752 -0.55362875798527 
2.070555088042484 0.2277126564103436 
1.1800582349360988 -0.4458175630157289 
-0.5201966970215549 0.8096149930898304 
0.48806369148594403 -0.2547801922601712 
1.5890654247138865 -0.1273585951192593 
-0.9568555070453802 0.06736342595013572 
1.616569590355781 -0.310379625459883 
1.9259238564159182 0.39977148655612554 
0.8891742952145847 0.5174131953894794 
0.13412102888138652 0.031287271988656704 
-0.3666924942145921 0.8557302534116541 
0.03615181797016536 0.46818284100749064 
1.9246777903125099 0.045422146089507315 
-0.30603380522278634 0.8468383190400338 
-0.7944574305354121 0.4894500613157201 
0.2981419981523499 0.9003814306218293 
-0.6839769374032599 0.5654565363287595 
0.9505036396028596 0.26899193968797697 
0.9538024693781342 -0.49190923986046425 
-0.02951392245209751 0.1967579059445865 
1.8625357079413714 0.1474430566658677 
0.9073940268621588 -0.48682274778855755 
0.024230147105293795 0.9503965985997057 
0.5026297129082401 -0.2757494974819329 
0.991913888707177 -0.005020197748892737 
-0.7135260271713557 0.7404599146522861 
0.7283254301417355 -0.4144738458708332 
-0.9132346393286705 0.44777687461273474 
0.7576495665965237 0.6469275384447686 
1.800471814173734 -0.12633169309870623 
0.04293973578577035 0.35506776279589514 
0.001492894273354195 0.16670596692968073 
-0.07945515866407124 0.4458026792214774 
0.5486032417656445 -0.559656064706898 
1.8469358867148185 -0.013503657627978762 
0.605159537247938 0.823343585447334 
0.723861824009465 0.6410770677171453 
1.0574828935378615 0.1672914896643841 
1.0228216396235457 -0.5280017504437426 
0.540391634756376 -0.3058140023033894 
0.46508839385009504 -0.3059934348868967 
1.5273347711142098 -0.29035188111463867 
0.2683690181805736 0.9197190745434313 
-0.46282449660760405 0.8777359982762428 
-0.2237240994384186 0.8423210223471198 
0.4763921501676596 0.8468917785802358 
0.21782716574734012 1.0072541328083797 
-0.8157276236010532 0.624806285918343 
0.010764286189896105 0.338952154595409 
1.5725152929317485 -0.4186032811126107 
1.521881733396708 -0.27340902761359404 
0.1231263513204433 -0.01526206773112436 
0.1310261108290698 0.02218905801416672 
0.5930950988384845 -0.4392642017361694 
-0.9348094039582469 0.3358696271290052 
-0.06526011557391585 0.3773857340875484 
0.910763816989098 -0.6350416352591852 
1.1924627221448787 -0.5440298072582682 
0.05183822002486703 0.07458479046195464 
0.0672593334610441 -0.2090338734957944 
-0.04322062744429778 0.09994685512237143 
0.9051534005636728 0.5232277393611334 
-0.9002439458296457 0.5465871213549328 
1.4328626611515447 -0.3255517449659206 
1.9033420700293737 0.05796669011266263 
1.7226267422404187 -0.018651629779064233 
-0.524652922816193 0.8587237492177274 
0.91026259297222 0.1975398369690478 
0.2603905759869201 -0.2545385840417597 
-0.14033451791463655 1.0042052784009086 
0.0763565366633169 0.40665714143326503 
0.6599106376179134 -0.45679399789312286 
0.3347328190536603 -0.38822150981292103 
1.044101325819433 0.12592256272880353 
-0.9409756184822013 0.13272328648761156 
0.8133533218957429 -0.5370032535900351 
-0.786428246627005 0.5285201658018359 
-1.0636926215124827 0.12280439072384347 
-1.1172135207751854 0.11432435710502671 
0.8473013554512784 -0.5094941022660633 
0.10885606326533372 0.15610337921926135 
0.825045063475012 0.17751468250373345 
0.2942997215569873 1.0151253670173184 
1.7147105033779346 -0.13497014602282073 
1.4901571761210053 -0.5051782303450195 
0.4588191459665421 -0.4485486388212015 
-0.014334051968041286 0.10259348420669298 
-0.8125670546974414 0.7431743854531339 
-0.17425101604713134 1.014991760505003 
1.8828893632980548 0.03772502581891283 
-0.9298605328275509 0.3153860299813897 
1.7932611974115438 -0.012176821934487284 
0.001331919672971589 0.26864636277853693 
-0.3783704109144267 0.8758815580205682 
0.9526855967098801 0.22926120728333765 
0.5190858598440393 0.8924272529624369 
1.077522900667941 0.25798434488357863 
0.7863819940551598 -0.5194819372514258 
-0.7111841025785092 0.7719399829577275 
1.0067441754725357 0.2087422315910356 
-0.8145613073043327 0.41749912026034136 
-0.34632266292510827 0.8991042814788032 
-0.9194057366812642 0.2383857050150472 
0.8456318536424826 0.4091483350786422 
-0.15204297118326232 0.9378052252766516 
0.3707548994536596 1.0676023327388164 
0.6496586509505657 0.7105891651690582 
0.4988993759396851 -0.23327218506621428 
-0.8733532399388637 0.37069380626702203 
0.6371227425537112 0.7116355674545572 
1.0969426220782124 -0.5107849262591747 
1.8086326978358893 -0.2187531272665183 
2.1103099208464857 0.40537119711838115 
1.4738184134944328 -0.3729323162433475 
0.7318770031538987 0.8362700572817002 
-1.0945939389615087 0.5059528352961007 
-0.7738179252765738 0.794867152409727 
0.19151440521504204 0.015759046558575712 
-0.543576196109153 0.8910703050400605 
-0.2618077272536814 1.055171569835267 
-0.926477696707732 0.23352129445997155 
0.3285659030756283 -0.3899185315180123 
-0.123132865110787 1.131287501296109 
0.1006262228462132 0.14431478285406416 
-0.051975041355793575 0.8836411044144166 
-0.5012243955283106 0.8299121307871359 
1.4772255884541046 -0.4549520370828571 
-0.8781933636601862 0.4972503214299342 
-1.000306087290235 0.27049463625575093 
0.07473744067648122 0.07906316075047073 
0.829089969686785 -0.5766407653136987 
0.19682602178665132 -0.004901091337070833 
-0.24882373921202988 1.0040797400582462 
-1.125373222814154 0.1395708710457797 
0.6894289584621044 -0.4191871686654157 
0.7423456865059862 0.6853363125737344 
1.8490460836414138 -0.11219548029646292 
0.8724825595387118 0.31061793230609297 
-0.48918744056036967 0.852218330474309 
1.7708513501239382 -0.20492258855703543 
0.4042499418970083 -0.25219362874637263 
-0.029383369019157057 0.9956134944319331 
1.8628854455728978 -0.1532297164170361 
-0.5775597664333172 0.8052812557760869 
-0.14203587047599517 0.1299449221087514 
0.9260918814940888 0.5743994347213847 
-0.106285870041321 1.0755465703987215 
1.3721345649271792 -0.30896577829410843 
-0.08887232965614611 0.9132603247461996 
0.13706353907163502 0.0626230175749847 
0.9609413856549573 0.2466167138038617 
0.45595161014910146 -0.21895864565926287 
1.8678993666307093 0.015704367945693985 
1.7166357097092022 -0.08151567373129712 
0.5038485408550873 -0.26898924188351725 
0.8033571483561399 0.41365191470606805 
0.7377424727877511 0.5995368200290279 
0.22354774278021333 -0.12744729229047982 
-0.13414207559770247 0.9109936613177381 
-0.9854660466677209 0.12752257623072696 
-0.48868990261089595 0.8380631587371111 
1.7415142689054168 -0.11296775564474446 
0.03867531344132702 0.2472963725248351 
-0.7800076286286307 0.9294525064081816 
0.08125803558396738 0.8509895384530513 
1.9410738010176385 0.40227665639305343 
1.8540918473770058 -0.07925081734190031 
-0.010579545886957083 0.935909023285747 
1.0519353224723842 -0.49175671584536085 
0.42792257976369696 0.8047037431697608 
-0.906516535606566 0.3725550700964299 
0.5417830189411814 0.9104792907661313 
0.531203374357263 0.8168862118192579 
1.9541670770058517 0.15472580838223207 
1.6106453176408495 -0.310102695041344 
0.044044158223166194 1.0821073455333061 
0.8983474862950583 0.5470857031558991 
0.39905551035661996 -0.19595360157942848 
1.0499486197481016 0.38282917625816243 
-1.0471021459568306 0.1588644043296963 
1.0243866045820826 -0.519568005862519 
-0.1625490996620567 1.0039904058326385 
0.7875715450030342 -0.6105066200001579 
-0.5485642896720212 0.9247230283791029 
0.36838798585600896 -0.0817194915837974 
2.046436863567694 0.4493911171029003 
0.4715483954378595 -0.4114647169334569 
0.8713017996854769 0.42054813278172704 
1.3104316174072093 -0.47483620231304097 
0.0452889977932067 0.27557397826778657 
1.0728054371414903 0.2821391378775871 
-0.3885734463492255 0.9099224563442773 
1.9787445753713944 0.1701942399666965 
0.0445282002765386 0.269116926015313 
-0.7521176095105784 0.586748649200828 
0.18394843575245298 -0.14779090564522945 
-0.8987030277468057 0.47146185225877146 
0.8642273693265117 0.6642339207950394 
0.029167071380609498 0.8195911207836101 
1.7087309784156974 -0.1785441507122679 
-0.35782612368199207 0.9867702878492628 
1.683975494711272 -0.1318539273035077 
0.2212483100671363 0.8847682567384402 
0.9397534213066135 0.2789910041356787 
0.34136351805013504 -0.2505382949617308 
1.0125969722128016 0.5640215044585873 
1.9441241834630771 0.1345339867184024 
0.616912923188654 0.7808763578529246 
0.8866653508044817 0.04412169549845709 
0.8520656805808031 0.530424817744112 
-0.8081938518981645 0.6692512385994911 
0.020334396267561866 1.0285451453406398 
1.037759701876752 -0.43612197789022533 
0.76747737018077 0.8337803577237378 
-0.299392708779572 0.871673479107342 
0.6000041451133332 -0.4809605198434727 
-0.17063311946063117 1.0192153497922705 
0.33370996349100374 -0.3028886031968627 
0.2421546575666536 -0.10075079385312918 
1.9251210153968246 0.32873786491337276 
1.0025284657338067 -0.541843433619513 
0.3403333570683264 0.9230774364523889 
1.6315500174652107 -0.26819347254888326 
-0.8811464846716501 0.26080510967080783 
1.2446157143764784 -0.31903657159440196 
-1.0635228063284874 0.1200218874111303 
0.6340219433099716 0.7963102555735325 
-0.3568544486154096 1.1038798828908623 
0.23617829688180492 0.06370839432388861 
0.5942876726928975 0.82726102570441 
0.09766899473413365 0.9354165519832663 
-0.17582766767547636 0.9089035537441938 
1.9594110222128556 0.1841543446190741 
0.27244257073083855 -0.19304548964735938 
2.0871078083501033 0.503745098448443 
-0.039086980832033345 0.9391329333271965 
0.10857561347634384 -0.03129686047656788 
1.258618482504449 -0.44311789180704897 
0.710266276800059 -0.5454299159932283 
-0.9630791701111813 0.40016207707544 
-0.8294848417679122 0.40568076921098994 
-0.4120838473184802 0.9749036780091457 
-0.5438028051249633 0.9125854119527655 
0.7439466617182834 0.7626579107929182 
0.32865890399789227 -0.13215049158377964 
-0.9021422283859922 0.15478385571083966 
-0.9053845667739748 0.21623877396310165 
0.5269461238330719 0.9116556341669273 
1.7544483884920499 -0.09993048044366096 
1.7155693681859625 -0.23886169925286338 
1.0296021701499993 0.2897359763467361 
0.9238944366565842 0.4175977117185755 
-0.621208176289599 0.9693807989690751 
0.3079533795617587 0.8675511476398535 
0.15098884177885952 0.300860558925959 
0.9670762802895484 0.1112828474948633 
2.0719948737681753 0.34856364770395676 
1.8478546097117192 0.19268734875506183 
0.7168700243980978 -0.43204842402283034 
0.28733791116216256 -0.3211846131084752 
0.8240385864347766 0.5134263877991381 
0.10714134382692969 0.0381050601162482 
0.4881174452248187 0.8615596138267524 
-0.9962421938209106 0.470810956180249 
0.30549537954977446 -0.1737109663892633 
1.7570024157764315 -0.02965642944376478 
0.34965621498605776 -0.27239051471546155 
1.9701307053660442 0.5305827482186768 
-0.983780045944407 0.3656466002801431 
-0.03513540565288552 0.4202158478830449 
1.504359381321194 -0.4630940042879452 
1.9567019513639756 0.38538534739317054 
0.4560980636251259 -0.29190429521665917 
0.9599070850788203 0.48382113587147146 
0.26785348645986307 -0.2785027749407414 
0.9562378874918478 0.4023511739003881 
1.6042396744250667 -0.2576849092288079 
0.5708037355205805 0.9151861827685502 
0.925234011569321 -0.49155605483933407 
-0.8377507991059354 -0.04814348155643536 
-0.0023789407640136795 0.5735844006952633 
0.5725171824704953 -0.39306304019754457 
1.9842690707800754 0.38191322918873283 
0.6195500097723527 -0.5122474340020209 
1.3967153969485362 -0.4847968300501684 
-0.931964839155805 0.18807161304086117 
1.5624494529275592 -0.4327081037831202 
0.422047047303481 0.7954642299219545 
-0.8229445612106419 0.3735688035376798 
0.3259994739782675 -0.3360860989091037 
-0.6063004168538216 0.8777277735929352 
0.6706277528891442 0.4302234903975507 
-0.2800200021571599 0.9804148832972199 
1.0428443103727665 0.3209518090896751 
-0.79709261024643 0.5671687916632521 
0.6523730433171122 0.9325267043330251 
-0.07784605264698218 1.032827281306626 
-0.8467060742735855 0.2291635072890476 
1.5103539698474038 -0.40653118779117153 
0.9246701395864605 -0.5894165869286812 
0.02845176761927149 1.0254677124714915 
0.1390345858247608 -0.034876469477615885 
2.013154877793748 0.025145413692364435 
0.061207566871677076 1.0121032494165694 
0.0886279582513669 0.9290652279609631 
1.978982484420274 0.06144202213460711 
0.9939244053974405 0.15726917712471894 
1.803415449111398 -0.18341674366019758 
-0.7942265388857265 0.6217101808240233 
0.5157989136352382 0.9018337652419166 
-1.0444794435036484 0.13560607606790887 
1.4608757548046447 -0.3189714454143441 
-0.3698100106005272 0.8499074613929541 
1.3515920201632885 -0.46781168947423424 
1.022542124371917 -0.5650744842243011 
-0.8051070995062775 0.6848162638891092 
1.9262167904913383 0.08172498493762533 
0.3006265725941963 -0.12194515183058682 
0.20144877945519427 -0.22249765292168422 
0.3422434048590689 -0.18414641260796183 
0.6478551591565401 0.7969974238475394 
1.1609192992163442 -0.4836800933183536 
0.14969394315019333 0.09869992771495564 
0.14125362484687268 1.0256654767585005 
1.3707942119470315 -0.31176319261635754 
0.4722693117399063 -0.30356008311235244 
0.16832640100731464 -0.032389722687535434 
1.94528304567791 0.3057844887503304 
1.6392393815619024 -0.1101698975321534 
0.9105449640427117 0.13653570287991484 
0.1455937033510964 0.1421654563927146 
1.9376346896629006 0.3322818273756996 
-0.15468777185185711 0.8187323044591459 
1.0070762470442067 -0.5178642360793256 
0.15908228323874812 0.08046445168927899 
0.4358672861120734 0.8156414451769552 
-0.9188566310570259 0.3643340352658117 
1.736793967765312 -0.2491213942703614 
0.7733422908081548 0.7594552111204331 
0.9156846942397672 0.6281736696446361 
-0.991427800019397 0.45599852004118985 
0.9086717740158847 0.5474980797195426 
1.0306119927921473 -0.5833854607644295 
1.965083553308904 0.22925236420267703 
-0.8646049516691747 0.6935998014826882 
0.8520160489448654 -0.43519598290010486 
0.9517314930329864 0.3553179488785697 
1.9277734145834036 0.20565652956474867 
0.9310044760983227 -0.3176040569744051 
1.8128723865403944 0.08215875265556136 
1.4733179041754283 -0.3619237204849359 
-0.9115711387689436 0.4444326072601759 
-1.0304026702171176 -0.09745766347513699 
0.45528190733331897 0.8026781665399996 
1.9075204545158406 0.2938647084205777 
0.5585128752332991 -0.4195676035337061 
0.9053916268345064 0.4947291510745065 
0.9772556442849339 -0.10381017692704511 
5.334773560211267e-05 0.3700658595075533 
-0.607651635510808 0.8636417349317721 
0.19777202554206394 0.9261261841071575 
0.5118829302738285 -0.4206022185577089 
0.037882912836955523 0.3116641618378995 
0.48647113454895446 -0.440850228390241 
0.6478094806236891 0.5132930256642506 
0.08040414729759153 0.16041351389767322 
-0.6827061422414714 0.9218324643740332 
-0.10539402810016561 0.38395038657072017 
-0.32603990068411465 1.0020825051770041 
0.3048224041557077 0.9917736700567487 
0.8910227135353602 -0.42534498125179776 
-0.384775987155546 0.9073219120141611 
0.9117860292641449 -0.5508204388741718 
1.5085702877832152 -0.2595261804329669 
1.2294231379371363 -0.6088971101738766 
1.7155836580406605 -0.13110667671014795 
0.9758256034130703 0.3154103193309792 
1.1516109180043417 -0.5808960968740025 
-0.5692927297795778 0.8010877997065229 
1.7246214985072872 -0.23930965840746163 
0.3753824251591364 0.9473535240656827 
-0.29693663762682887 0.9680774150502687 
1.187943170019504 -0.45448794056459907 
-0.5537316708995592 0.7083315431285202 
1.0470386949768622 -0.5514232145263306 
0.10877320485535888 0.44641455831665017 
0.44655634922004644 -0.3332245261246941 
1.7005341149189799 -0.3255084774603539 
-0.022450286917164768 0.24630440492107797 
-0.892139368400381 0.13702283316508942 
-0.6989284970240526 0.6147234248255852 
0.7481639902187418 0.6640844552763301 
0.9952209568167131 -0.594901430835695 
-0.9894031282060363 0.4074303667695629 
0.5681743017020745 0.7690445081261573 
1.900615937411107 0.2434247241088927 
0.52434539055877 -0.3508662945625599 
1.9486062119684238 0.044247907363048386 
-0.38804266765880313 0.8772462213928038 
0.1488251235036978 0.296561821923493 
0.8065691701730759 -0.5454069491169102 
1.1080879634415228 -0.5010985347237881 
1.2678186986147455 -0.5290384669395065 
0.022855929577208778 -0.12463455293148126 
1.318486319078562 -0.5524324262502389 
-0.5633377312811432 0.7853077974256202 
1.8070695283032256 0.11916518206611106 
1.7027417558178657 -0.14497466248384272 
0.7523840448969104 0.592134366199541 
0.7474798675072303 -0.3828528522359772 
-1.0701303766572514 0.4258328416178596 
0.7315944718728831 0.7257692759936918 
-0.790133946270599 0.5984568823216446 
-0.8996284218372647 0.1893692911986414 
0.15554610664542287 0.09863118352818882 
0.8756062580710512 0.13264970314380709 
0.3688817184684427 0.979656708304184 
1.9865167627537677 0.050605358373898846 
0.3664783146645121 0.8729384192233633 
0.58919982672167 0.8551115385427649 
1.1959377669369151 -0.5506320910954533 
-0.9169433626671029 0.46349003142045364 
0.5430179499061442 0.9882297100067597 
1.7562710719112684 -0.14909518529817606 
1.6350167221337137 -0.13594623809434797 
1.9084549567969127 0.3664957910144185 
0.16932811625234043 -0.018934319117518937 
-0.5064936926810363 0.7374757634290973 
1.5535958683889637 -0.33146894132782795 
1.1763694231631265 -0.39565222219273244 
1.8599991256802626 -0.09896072435733295 
2.106277255656263 0.462252559759552 
0.10239937989051223 0.9103015342739 
-0.9424373591460282 0.26225867657681873 
0.8703772519131483 0.5175360822972827 
0.3528009047419299 -0.25170051306801655 
2.083130650643638 0.5042150778578077 
-0.9907180574036133 0.5259008743070956 
0.717340184683261 0.6579591248378075 
0.9248279959623288 0.09292843695308599 
-0.00926657557997378 1.0653684910824401 
-0.5843744645462632 0.8549581455788826 
0.8702189638243759 0.4235074108789457 
1.7708966485120161 -0.13716627317697166 
-0.9363709594298929 0.1115124269152806 
0.013891978927249096 0.26697682377434845 
0.2651669213811503 -0.23080249198012226 
0.5868835069221227 -0.3171779816461881 
0.3889137213362965 -0.2712169976966695 
1.1776795444404393 -0.4899884204147552 
-0.6041667235309053 0.7558293301137886 
0.38015990396167626 -0.30270726512990737 
2.0540497618330584 0.21741407203886493 
-0.4654121834760866 0.8284925373058871 
1.930529945627715 0.2866365995776743 
-0.5286755886506381 0.9304103030850923 
-0.9891492348073608 0.41181965201760895 
0.029045987663250106 0.3363153350252766 
-0.8463832458494962 0.49947497856311496 
1.3714393749677145 -0.46587608076056286 
1.1087858270534658 0.09288761711282129 
0.8964803226175239 -0.4725668697053532 
-0.7097528523732546 0.8272614504154626 
0.8014187548707316 0.5889508797526254 
-1.0787212950285259 0.08078966345214564 
1.9384721387684065 -0.08822862763069533 
-0.021414921145633564 0.4116923940554784 
1.6877826544615746 -0.1922239991543189 
-0.11342920861525325 1.0037115150807514 
-0.37259128107904976 0.8689186081634591 
1.8644334987955875 0.04310359380388864 
1.3663741705183143 -0.45471927573555654 
0.6462898834337792 0.6999155452847498 
1.9347273959766196 0.16690384487840376 
0.9102277938658072 0.27961216119627175 
0.05055702798910625 0.3636444854211861 
0.828565299120942 0.6457362391760202 
1.368782820398004 -0.37760125549570467 
-0.7476430554294039 0.6453446046120739 
0.27333779846210765 0.9906128149603899 
-1.0071414600262285 0.19560057741019982 
-0.005887566383260517 1.0216879171720434 
-0.1286489481796125 1.0532591180558195 
0.26292242412090455 -0.16365255422094813 
-0.8598402715814555 0.4048780837713285 
-0.4983838437297909 0.8670798048361312 
1.95749982634049 0.12986485413473653 
0.8577878172182348 -0.5310809808732239 
0.08471541334112895 0.92983469579073 
0.9927800952032968 -0.4649088018874038 
-0.8012679251694582 0.5948204025909423 
-0.8400471442673633 0.4393175970120211 
0.819949846119586 0.6281372651020416 
-0.032227003118385014 0.06843452660970752 
0.5479110181245057 -0.363534056901808 
-0.7804726805247919 0.5002846453313914 
0.6962529381448631 0.7883381923392909 
1.6958639366888508 -0.18160060123896854 
0.2778766820634882 0.8558632943210628 
0.15552925770463855 0.05765108558402551 
1.8948599340670802 0.15837999713007408 
0.45713417892162406 -0.23296084081274465 
-0.8855981021813443 0.4791640497160697 
1.916695510303878 0.09578262519535263 
-0.9722030061284092 0.2673908115492897 
0.43444032778546066 -0.24492006132548635 
-0.8430245326511967 0.1984786885038305 
0.7325213178252966 0.6780711455176849 
1.4326136421579474 -0.41167160535915476 
-0.04703203315428109 1.0921236390718108 
1.4002608427327234 -0.4180783926278648 
-0.33067591297824583 1.0002279032115002 
-0.424885374078119 0.8336075179556015 
0.9988960450541298 0.24211276623954586 
-0.8817747344739921 0.45976839210382947 
-0.0032510967068917276 0.13422619885471582 
0.24251135376118668 0.9714737489573773 
-0.8178398973829754 0.3092179932637066 
0.8600089770049935 0.35629820325466144 
-0.7360029700639679 0.7741516416169651 
0.16041332054811847 0.8492300875906207 
1.997257992555621 0.47824153477559617 
0.6102730078578713 0.8072234341162978 
0.9539608919207464 0.20895494488883376 
2.0685191181323432 0.2432161476437424 
-0.7113394257274139 0.6606768067183206 
-0.5779525189479333 1.036756084158533 
-0.34651484141323113 0.8922727940433622 
0.8714094268714834 0.36037216541121536 
-0.08692849164513525 0.47306368088194345 
1.5330613457278326 -0.27054715687195785 
-0.833759669176122 0.193558746452571 
0.950383885410178 0.4996170176765951 
1.4347266964683663 -0.30247774179668996 
-1.1987311756210541 0.1665373401842365 
1.912781474545974 0.09086564751748621 
0.002602452793668636 1.0018366211743766 
1.9131343750315353 0.013565840050310266 
-0.6463932207888965 0.7045571929111311 
1.6647408629478149 -0.015568668518090967 
1.0102722033302054 0.3867910615809505 
-0.6576957711793219 0.6232354806331659 
1.0429538873708788 -0.504148922201991 
0.8279528529309101 0.564311100007282 
-0.9047930944441712 0.23119152633107126 
-0.24864605817709548 0.9610195586306945 
-0.13586626029159854 1.0280198412927017 
1.9421975839120655 0.24661057487990584 
0.9283357233073768 0.11466416307329962 
-0.5612927226326864 0.9957306263559477 
0.6595474355105412 0.7745814792545487 
-0.539872963745764 0.9648458175351478 
-0.9719919439506732 0.3520255935913765 
0.11291649487909937 1.006464722294149 
1.2078052216797222 -0.5235908894506998 
1.162381230028867 -0.43828319176986025 
0.793870237967989 -0.34992221268454016 
0.27109941946109317 0.9815391553129142 
0.8089137607981736 0.7056970548494551 
0.24725711016519053 0.21712905532279037 
0.8874207886776991 0.31614229047054865 
1.032691376106881 0.1972979413127762 
0.37401400498112414 -0.40239316185311597 
-0.8408249436439275 0.4196624421755033 
0.6523227330382629 0.8433647507867941 
-0.06294361748196617 0.46834878959693277 
-0.30761765136259706 0.8542389677692157 
0.7582646288563428 -0.4362456046695459 
-0.756803220991426 0.6058771499722797 
2.059231735076713 0.16646516608909095 
-0.5662540007696859 0.762018625064512 
-0.6865142343334438 0.8053625593383217 
0.03319721193007659 -0.02820096637360437 
-0.8635561608885736 0.615293175694258 
0.3131631649111593 -0.17147721030311835 
0.9020275836710576 0.18138165362328987 
1.5019376062991392 -0.38268980569272737 
1.898933576251682 0.14355438351849373 
-0.6443193347215384 0.5690403158761783 
-0.3438033990474645 0.9740054645779419 
0.9339531958213613 0.15247921986201024 
1.787156841415387 -0.03778653461647247 
0.680472861744085 0.9108814778647338 
1.6491706978092224 -0.2168785872629913 
-1.0242748067718594 0.07314928342146151 
1.0760482089515075 -0.51706651419771 
1.1188562366558257 -0.45680289278581826 
-0.18619727810846512 0.8386483719253346 
0.9202996722912624 0.39020213685710864 
0.7191792783333696 0.6714806600137337 
0.538626947985178 0.7837725187278599 
0.07583982483015098 -0.04119571506573849 
1.1688604824084823 -0.6042981203986607 
0.5339038847244525 0.8742636484928105 
1.772624479598995 -0.020401839501717083 
0.833678087671569 0.753305490533315 
0.8798166464877024 0.43662730104946235 
-0.8952003280097798 0.2559708356436543 
0.8740864933600649 0.49844429660071343 
0.054122551026157956 0.11489860183793903 
-0.7863830980647946 0.6632333407019223 
1.4071785711838303 -0.4514064803632285 
0.12016726115343464 -0.04129298063261469 
0.2136408285373052 0.9820802772780495 
0.719325887102175 0.7099101212192154 
1.1816534094437985 -0.4605229341521251 
1.5646215824637433 -0.3925197468559083 
0.25824285529116786 0.9407783578487345 
0.4035048070156309 -0.3656266078772365 
0.02537896688386472 0.212410851828002 
1.7327054623572935 -0.21022860669058813 
1.988598751511422 0.4110265056638208 
-0.29640450583677413 1.039183066362877 
1.1098917370510069 -0.5074912696821111 
0.907227217692685 0.5437547837129748 
0.9508933179105256 0.1982664327789947 
1.321495563840622 -0.5999819610265293 
0.24044801722396586 0.17092770250394992 
-0.7708425178584964 0.3856403984656195 
0.03851626539381815 0.2802299359420695 
0.17781862166429308 0.2597006281089834 
1.7465965705793427 -0.10385080404506777 
2.0087786649760013 0.3231545782314183 
0.7577415890958682 0.7023747354433378 
0.0925074004823265 0.2097691727102082 
0.04809925941282773 1.104556042271883 
1.0374461228712093 0.03082535193856238 
0.4855716821959061 -0.40803247870297105 
2.1347210900183065 0.2364390834063106 
0.12603688513124733 -0.18577597112121308 
1.784297109105523 -0.14745381853137984 
1.163240992797109 -0.3731107825170297 
0.677157428946034 -0.508926265740508 
-0.18016545800466033 0.9577159601593894 
0.5934982041004792 -0.27310394801769733 
0.061148085446657625 0.3026720242974882 
-0.9199427608071625 0.5594813020998364 
2.0047073643461584 0.10270371867167813 
0.9506765052286361 -0.5833234742941558 
-0.21838687432805115 1.086167918360452 
0.4387430563090705 -0.21077508888904478 
1.0649645941893495 0.06831980584159862 
0.9080259821759983 0.38267193109207565 
0.04450389373018806 0.5790615546225683 
0.40751460667362516 0.9398219627962706 
1.2503704364204378 -0.4791673917520486 
1.0243359734503448 0.20646037327658656 
1.9645455130846976 0.15680009703182657 
0.9366417928461032 0.34295384842662496 
2.074755888185431 0.4061085524086991 
-0.7166690333761436 0.7209269838837414 
0.8629431062813326 -0.4240093524915482 
1.4196023491127618 -0.3924608183058497 
0.2225720241254926 -0.11006271667693435 
0.9261439065828265 -0.4091673526013067 
-0.9014357290429891 0.49822580403854005 
-0.771334923858817 0.6352959553093727 
0.7288126681277662 -0.40607582788888 
-0.8935497405074858 0.5713504450471697 
1.7394819832642638 -0.3837423026143455 
0.11737949453243235 0.07247547728093451 
-0.927691588871732 0.47041547202954326 
-1.0533273645827268 0.25440890662365384 
-0.04688439804849081 0.40909997683970223 
0.14774659902167042 1.04433878262385 
1.9341033259582905 0.19226284177800232 
0.04725805871641843 0.9983477791652926 
-0.20684765432192004 0.9785920148985718 
1.0035650818869786 -0.431302209341699 
1.9766795464410551 -0.09240911610984372 
1.6290174185709623 -0.31711529695694185 
-0.9921751491223721 0.3440108131173094 
-0.8925101371800979 0.5384918248618888 
-0.03002887191778174 0.4972196333985639 
0.3245570460838624 0.8835501590014355 
-0.7844203519686217 0.6547973074322868 
0.14826887111303907 1.0019162277840126 
0.02448550867118779 0.9935449852222967 
0.8245353176100403 -0.4648206010370909 
0.12387427530919999 -0.07756898368319173 
1.9799756284298375 0.36580731430885877 
0.9201576673805957 0.1705162751465249 
1.8009606816117087 -0.019069954348508666 
0.953451928719124 0.3891174897481696 
2.0881844681498682 0.34104921496377333 
1.3633307957289666 -0.394371765462994 
-0.6873535366523122 0.897740567751113 
1.8395688015937979 0.37759572655979334 
-0.8273908126628813 0.5185632686811216 
0.009997294771469753 1.064893316902136 
2.0457151823144746 0.376902678416792 
0.48973696525081406 -0.41971570497530414 
-1.055196752304116 0.055887501994828226 
0.6947425738578473 0.7932101651371776 
0.788137389848708 0.6942123007616203 
-0.2866660818483723 0.9564656149393859 
0.4974613049245221 -0.2935752663575898 
1.719860391612518 0.20875724893469116 
0.7995743240807206 0.7687036388475176 
-0.582669770377693 0.6897250436455233 
0.3701547861783552 -0.23046136968508937 
0.5633812234015076 -0.4248149075847839 
0.1137896475104809 0.22260739474057073 
0.9375538623772444 0.47734468871443664 
1.5027326532025267 -0.31935044380913424 
0.6429390229439067 -0.6379983890176845 
0.7910669853724597 0.5770844213721252 
1.079747610847154 0.2275854064892357 
0.23891487140340023 -0.34976519207430123 
0.7309541754478843 0.4399300605601666 
0.2997192964680923 -0.10602906195687287 
1.505368002088318 -0.5013644182378859 
-0.563463862092781 0.6454859622618245 
-0.8961487983198269 0.5157298333321662 
-0.002829321440088467 0.5485476100303642 
1.573003349175992 -0.43822126917021464 
1.7248561279807644 -0.11564337432889918 
1.6350967901951012 -0.39893872691692434 
1.9897368678339649 0.06755712224498107 
1.3117432368012145 -0.547276863905127 
0.9153031561339174 -0.42210907481062765 
-0.694666907055844 0.8883280384085024 
-0.9033249753151589 0.1939835287921498 
1.7278291804508419 -0.25876204519223917 
1.1293424298122754 -0.027311652466767464 
0.07704453100621494 -0.10463943612054202 
1.1113797642077334 -0.4305768084175816 
1.9154122078063174 0.17460641105863672 
1.037306916241378 0.460596841173989 
0.8158334156118372 0.5827551024114 
0.41436811793680084 0.9695664708937803 
1.9620696943392077 0.2898600754304378 
-0.7579804205586747 0.5224472189929739 
0.010410010714829998 1.103836422768647 
0.1603645874899698 1.1098612503419971 
0.10169106677213027 0.9593524791999261 
0.61240459090547 0.8102379463217526 
0.23849307300790026 0.9732254707386376 
0.2705209739856237 0.8416712977067302 
-0.18392123531032117 0.9351392790850542 
1.9544519302031573 0.5335138449612733 
0.5130246159735258 -0.41197236848069557 
1.0633206151973609 0.15891420320112598 
0.17654991320619146 1.013754220960931 
0.5313998724380455 -0.3492108896959944 
0.37883522250153484 0.979392504235597 
1.2814327010139122 -0.3995916882934044 
1.0811153326276945 0.11221232105068842 
0.24273622218154334 -0.16045574110237165 
0.6709565879524259 0.6885182039353906 
1.9870420821083614 0.35762530297422024 
0.9753998453823411 0.21151581590296775 
-0.17950784669736458 1.1394723879491544 
0.84724424773763 0.5355404822067945 
0.3736093127650802 0.9385752425541597 
-0.12799275728194848 1.0161478118462721 
0.670545406564269 -0.47874366260743084 
1.3487931415612158 -0.4332991966393356 
0.2621669665114879 0.9433677859853341 
0.3797900196287969 0.9317659705097528 
-0.8155343173420736 0.5890454314450074 
0.7700702263127899 -0.5384988533723627 
0.0537423963641055 0.29104929677433905 
0.264199800148321 0.9932903223839837 
0.7449822607419333 -0.5193408273296566 
-0.07006141029288408 0.9666593884287679 
-0.02252357345713682 1.077027498079435 
-0.5030560492720837 0.931255660117751 
1.7313056108444358 -0.09382601130155238 
2.002194083756542 0.44164594762919973 
0.2427551281521271 -0.2607240906764079 
-0.27173771848631173 1.008427799115852 
1.5659387692553808 -0.4350735500703725 
-0.11565692814656367 0.2587632831151937 
2.015644952800687 0.3303039874224328 
1.4621431935256044 -0.2432881629136492 
1.9438656537098704 0.45933680997675136 
0.8340816153347972 -0.4772003521330209 
0.4233755176729308 -0.37384953388890224 
1.942151768084288 0.37231256038953336 
1.474415079100514 -0.39606952390652145 
0.014601420501327405 0.3840038581572395 
0.20866148164694387 0.1304001200589323 
0.1341012843544375 -0.13323670503059654 
0.600904275534067 0.852983999728016 
-0.680957425933471 0.6298631210129667 
1.0601006377091466 0.11313421696064568 
0.5403818502239982 -0.40324085793260395 
1.5863314714375323 -0.2674080202975391 
0.5315779385711467 -0.32823719677629876 
1.6006926979499152 -0.36084360906287044 
-0.9541591609042404 0.21718262087135587 
0.9394918302567007 0.5190958822930443 
-0.9276237441959735 0.17112090501322177 
-0.1985088499460943 0.9322750879969312 
1.3554248659546106 -0.45679545487828366 
-0.8631469004029299 0.5359313552611042 
-1.123282820492914 0.26156652703421934 
1.6337109868429103 -0.32010108876106963 
-0.36242284968469507 1.0351509741478826 
0.6490508804134238 -0.5151479222076273 
0.6909802132081324 -0.38264659766824405 
0.5202348066310474 0.9160385138265755 
-0.12143182711005088 1.0014916240358673 
1.1721080262996026 -0.37616373164934885 
0.25392895671671945 -0.23260983461444001 
-0.9655124735932367 0.37446234878401724 
-0.5929024810094063 0.8776205287270812 
1.8423930475725965 0.1378863611241099 
1.8452800620009109 0.10043631751632141 
0.32060587450434413 -0.13619470128797564 
0.6715289956686077 0.7657154968483023 
1.3243379170417857 -0.49421021952330957 
0.9855904329244715 0.3705971649758037 
0.13422263135273677 1.064396817973007 
0.24654463833384288 0.09701802853595565 
0.15289876774834024 0.3680983942564481 
0.8488268038568774 -0.5132714323128136 
0.18626956677121617 0.9668049805979001 
1.2330062042829626 -0.421754944889575 
0.9915431205200443 0.37233134464286416 
0.5052936221691223 -0.30010945446902326 
0.9172534098728198 0.6379315105864184 
0.42623294556228747 -0.32186647744562363 
0.1540692045262784 -0.279668745171434 
-0.09461473617941703 1.0936923272535595 
0.5944876198824706 0.6910824373520567 
0.9597419181412601 0.21345009385705577 
1.7670173894047863 -0.09767386033092962 
-0.15119206133620133 0.9294943649304426 
0.2674936860232411 0.8070134675053752 
1.782936484626378 -0.1413322604300098 
0.9420992229925571 0.2100288078437084 
-0.9594197290841274 0.12776939329275547 
0.9952741778759844 0.3442310904291904 
0.17390639138096248 0.04109874482473083 
0.7101220288577483 -0.3810092282355682 
-0.06471704557054186 1.02602463348323 
0.017226669897800154 0.9664951094777268 
0.8393157786309526 0.7494319281659663 
0.8877880559360032 0.4007767798451735 
-0.926500002659326 0.49714394177201765 
0.6709774910006249 -0.42387088184697114 
0.46650887492253407 0.9455028871457785 
-0.17849143375150256 1.0255827191826998 
0.06807055227268423 0.17294378769228658 
0.25910798531718643 -0.27588331018871926 
1.19385274466652 -0.5105556776093635 
0.02938603798308646 0.07627246589145925 
0.1981908601755154 -0.053031950793988814 
0.5620692174613097 0.8682492094937384 
0.8653843269677824 0.44020389031858076 
1.9769445799579268 0.4109513673447153 
-0.9724399419205799 0.350172431041896 
0.9480506489237321 0.10428059078690965 
1.1306364765736132 -0.4454607007858441 
0.8117751441990024 -0.4071826597131256 
1.0262645991627748 -0.5094172659988793 
1.8433405721571645 -0.10060895554077166 
0.7892139178052541 0.33369193089053895 
0.32683408285886933 0.9155499207529804 
-0.8540722063612658 0.1414631471831774 
-0.9590386454399954 0.22333538661380634 
0.13314912529261996 -0.0701377242868321 
0.2710392532541887 -0.0657564742828586 
-0.025160609799719603 0.2808057392658069 
-0.9452042091763923 0.08035599372419615 
0.9978768775983556 0.15683647666289827 
0.3471322599480806 1.022377725255294 
0.3682176208169233 1.066247996231458 
-0.024234139176227576 0.11360762393792523 
0.048045695058893195 0.45021046729409336 
0.2895280548700432 0.05529905401987706 
1.8326068990554685 -0.1614544201214872 
-0.3482023633807632 0.9379719431022203 
0.012532767466165814 0.2521261809525071 
-0.008077842521035036 0.12258113052730757 
0.2485525357271947 0.04403649072638591 
0.044582403368776606 0.33324304240673347 
0.14226726673698814 0.9449295228239616 
-0.6383076488852201 0.80317273286742 
0.11263981577630976 0.1132080647555698 
0.021590798973758065 0.5021027051837931 
1.6866046769744354 -0.2276279293156217 
0.16158781978167386 -0.05599338060895781 
1.0515693929706744 -0.5289292181577341 
-0.009039100730373851 0.3719566313131813 
1.8592626998778863 0.03429064563260731 
1.2749662693319976 -0.5132339769851514 
1.001727024106072 -0.06414459278440555 
-0.7442501505840193 0.5768865042150659 
0.41771941437053217 0.8716814314152339 
0.5312712768388869 0.9175151885029914 
0.799704132417802 0.5380044232044814 
0.9488831777214546 0.12930457390922367 
1.2033911569678923 0.25763273821414934 
-0.49593822859267256 0.9645404107675574 
0.8502289730565975 -0.5247169169799102 
-0.0002781652409635793 0.9578107667830034 
0.9518288577673107 0.31771675514473163 
1.213292032372277 -0.423322343883437 
0.09475659021188214 -0.09793213887689067 
-0.9390383476595603 0.04114775186022512 
-0.9593740174630638 0.14402512503422052 
1.5208941051570575 -0.379434634080013 
-0.37225594749634977 0.7589090837987474 
1.6607016764651175 -0.2693342404568676 
1.2207335986125536 -0.36061390587672915 
0.037588442687014285 0.34704044129509165 
-0.7223457386153738 0.5949119648375891 
-0.3782601085591129 0.9514641679320461 
0.1763439419581598 0.8857589364003882 
0.7924574857471117 -0.4572068924812131 
-0.7461220464118133 0.5750871857821509 
0.005752515206641979 0.4344390610273943 
0.22188244172135158 -0.37781944263933376 
0.9671783637924389 -0.4737415791803767 
0.47978285928194886 0.9268918277699756 
1.1934665121364885 -0.5221944859746203 
-0.914724445856388 0.3844537086947948 
0.3396683482680868 -0.2739698637564647 
1.2661701802084584 -0.3937126229173254 
0.5413869947137105 -0.3136234120157181 
-0.5735526181188483 0.8888877112017318 
-0.6858364517106641 0.7823406079343715 
0.35209280264386805 -0.2529855630834 
0.17277271831214874 -0.07443503541988787 
0.4979503969085674 -0.39751331601777307 
0.24086165186794095 0.9150302456999152 
-0.7296608367781473 0.7154824558605716 
-0.8145872078074459 0.6574913200678714 
0.3117098666078055 -0.19043527448303413 
0.767170208132884 0.5726578512081919 
1.7631217830769255 -0.024452081578338558 
0.2064120723539436 0.0190708301049202 
-0.05524971832421394 0.9017362059108113 
0.5768453679114062 -0.44811209430308835 
0.8533320125103064 0.18978375132337874 
-0.6181296400973566 0.8825396241684568 
-0.6920640213309562 0.8435222896970378 
0.4525234294169815 0.7759747555391479 
0.06626009316476729 0.291828764564856 
0.38876987862121637 -0.24449918100619636 
1.9941819516138217 0.5012105647116966 
1.816784147659478 0.013554492497767703 
0.9426090843844733 0.07779301757164192 
0.6669245848422174 -0.4841513622792147 
1.0487405478485377 -0.42031641428875455 
0.24082255808688718 0.8829476866757735 
0.100834494853384 0.13769876459347263 
0.3760024426727646 0.7748708563812026 
0.7685774684327091 0.5406585380049502 
-0.0313714782766506 0.9479188615048391 
-0.39575794432571415 0.8862866540928044 
1.8327810994038969 -0.06961735826782639 
-0.16408462660256157 1.0217788577272942 
-0.46530251181702287 0.8833379931123392 
0.5944961721587867 0.7718640518565548 
-0.950102711051731 0.5729343039475407 
-0.7407211658785124 0.6879431031306108 
1.9267670003965793 0.2059049096055815 
-0.6797167857311041 0.5960297778453097 
0.4573024263787716 -0.16695745854587238 
0.5042479648680499 0.9812131412749537 
-0.7621295606579885 0.5210805679568448 
1.4503156939829591 -0.43175193523427097 
1.3259155565885792 -0.3415177914378022 
0.7719806459532906 0.7403176879518251 
0.45665862000498847 -0.336502410056833 
1.2934915768635542 -0.47601951688565114 
0.8476853409192152 0.34818529242304763 
0.8128392987145174 0.5735987522872793 
1.7988476125249988 -0.11035262179222839 
0.6704764582176483 0.9363788604254986 
-2.2910314757368724e-05 0.41497789118214684 
-0.13842385033361243 0.9450839151590574 
-1.0366843752053079 0.15277150397320302 
-0.948560127485417 0.15779125599078242 
0.800586830975498 0.7441196920294811 
0.6100648771820789 0.8834743485893544 
-0.9058138563524228 0.2702020671776905 
2.0830085249866457 0.4556554022889971 
1.6696128716489393 -0.25681791751043026 
-0.8764957496275677 0.22409661776765752 
0.8114850166495999 -0.4953633927080349 
0.1330614289049858 -0.16414655502601902 
1.824159207123078 -0.15378580864319435 
0.7889609004325617 -0.3996124212379727 
1.1644493291991658 -0.4284631331434433 
0.24214878347855961 1.0116197586935527 
0.21254624109927112 -0.013899434821387727 
0.49146342942636856 0.9085745179050692 
-0.796784132732063 0.5894709847480183 
0.9574987771313994 -0.5567486756032674 
-1.1209163431426747 0.2894180231028392 
0.6444535485946014 -0.2491847664227221 
1.0530575680204959 -0.46211623743844343 
-1.0500979126314713 0.09129472845493897 
0.899302034868826 0.4830954504089235 
1.5357184756474291 -0.18467841704755678 
0.2376426220720836 -0.18602817214286638 
0.8482048437696497 -0.5130571689569264 
1.3308032757417898 -0.490578576353556 
-1.0042863085233433 -0.05175446377474861 
0.8903036752777674 -0.4506113049056819 
0.6855031831498043 0.6986097970324096 
-0.7680113115435723 0.7476817444154343 
1.905042328730226 0.32003426427886456 
1.7282324672425051 -0.2242288880965609 
0.522689827566527 -0.4934157486737344 
-0.21948192226302182 0.9310123039204292 
0.9904293682030935 0.09344662778880763 
-0.8692195535815047 0.4341627196712158 
-0.1049430886771738 1.0600937592825284 
0.8940928597520693 0.30756553787065705 
1.8934052815626967 0.29719489033049656 
-0.25401620087229926 0.9273738637840159 
-1.0050062102946642 0.39996560634739287 
0.6156542363794858 -0.5051681883561038 
1.4202334141992679 -0.4200705359126305 
-0.9385967768677336 0.13995567027064565 
1.9839768829498483 0.1487609552030992 
1.9003740725089429 0.46773649303277104 
0.07124822210198417 0.9392774751171917 
1.9564104087623249 0.1506436900757786 
-0.8712275077099576 0.4148653011178933 
-0.5078416510037577 0.7757235410529199 
0.28640777382885346 -0.32415633168691527 
2.0427470315814946 0.3636931154080305 
0.23318832689197633 0.9059328042364 
-0.8951360697779742 0.30476793503962046 
0.5938385320165689 -0.45184491809026234 
1.8778191386606466 0.15368774796155027 
0.7302276725977808 0.6382937792820327 
-0.4921728506064588 0.8230547997492619 
-0.28039484428416256 0.9431074906104272 
0.3646742549810918 -0.18716958068608686 
-0.8471016402730804 0.6879351224667641 
0.6375135019112417 -0.33981748568792663 
0.6721568796467994 -0.46222092484256916 
1.9521336875487338 0.5174961559687198 
1.8334125588834729 -0.10824307077529625 
0.6254509633029275 -0.30493260263981076 
1.8228304907551836 0.18969956283302525 
0.2543107977442436 -0.127317463661057 
0.034817466339986225 0.26284698974387616 
0.979856399211382 0.23924295916106159 
1.4045490119070603 -0.3891773579152735 
0.6371742021185322 -0.5186695022561616 
0.9875221131121357 0.029073824066345434 
-0.06751013817225524 0.3761859360277326 
-0.0340115994652634 0.1993392703349541 
0.6996683838740384 0.583956290229724 
-0.942701231065538 0.4184400674945848 
0.14670460978796923 0.09542945828864731 
-1.0110174508122018 0.15584497654287388 
-0.6641754971493233 0.8035035936053332 
-0.0007362568696394033 0.46156400406705195 
2.110694367877435 0.43282544438492115 
-0.021543851174933265 1.0113196060982712 
0.824102970087099 0.5941830093729045 
1.0112867957753044 -0.40089504157749817 
-1.050669284536389 0.055320654182091936 
0.6606191091693101 0.7204378405952957 
1.8524129065889117 -0.14963723787382582 
1.379301288239813 -0.3396346055314796 
1.7880079133526374 -0.057606642666032895 
0.11585875231522677 0.21170687810460864 
-0.2998473205966735 0.9836092027255485 
0.024770203867047105 0.5910613903768169 
0.6113810535698916 0.8662759509032029 
0.4949422317097159 -0.33003031280437606 
-0.5015782966319756 0.6980573523396653 
0.8745131334893634 0.6388541985792865 
0.22852711629965972 0.9419077182767861 
0.7267187001277986 0.7673878331226653 
1.707332871324121 -0.24499000186475633 
-0.9785704626828096 0.3041374741250939 
1.805167337051302 -0.29000384911083166 
1.205094787921616 -0.44150911870208864 
1.862073946055603 0.5699054420616317 
1.0993091757341875 -0.5409366971880536 
0.48613515113486117 0.8329642748594014 
-0.054619828280859026 1.0570669475376708 
-0.6497762690800787 0.7755479759306807 
0.700764898376181 -0.5986451715744507 
0.3467174207800186 0.8406089077983254 
1.596272796654002 -0.3526859311825789 
0.550639386164646 0.8229218841389224 
-0.8786338460046648 0.08168378297863366 
-0.03134067358915052 0.2715279856198465 
-0.6328690685878516 0.8041010802584904 
0.005112426759876215 0.47920416927088405 
-0.03342533352139448 0.3603355937982525 
0.022314572819578386 0.09365590123192952 
1.9161495106941462 -0.0775288459805119 
0.6924858663879778 0.6960102139038805 
0.2601772248536458 -0.3834341375394229 
0.6573600633469117 0.7535219229264073 
0.6381528407269962 0.8587678764748 
0.9952941497125223 0.11589519715697029 
0.7320385598600176 -0.41947693818870857 
-0.41121219408321574 0.8941060262151777 
0.941028926204761 -0.02897009173617296 
1.0418047355058941 0.2572924755886687 
-0.10626700078346425 1.0102475610145456 
1.1103729652129188 -0.39584834841284505 
1.7879509740577357 0.15141912919466677 
-0.9928564403661022 0.015108810698218934 
1.6106819816719025 -0.2298295223908808 
1.967938031306789 0.3051717419647585 
1.2003970563810575 -0.5317682730993782 
1.9548867355734192 -0.12808512181268258 
0.9698100047305487 -0.43671428216680763 
-0.35253204062065835 0.8933503966619096 
-0.9909806374158565 0.16236178564656872 
0.5108064977692193 -0.30019003557552354 
2.0688251983790096 0.5496965574125988 
1.042322224786938 -0.44097358298026934 
1.8865411924457547 0.41914664560567166 
-0.6724884885649436 0.6301237763037744 
0.06149658769495875 0.48429849365859196 
0.4461341362441634 0.8840096453740565 
1.1441878664168241 -0.2717040563850823 
0.10892076219887575 0.41001554158915193 
0.41470444854044664 0.8850444590452828 
0.5807084659925204 -0.39246012219256754 
0.3312121775974181 -0.1665925527344032 
-0.48222778307412967 0.7899598357138122 
0.3877506244802949 -0.24197596773410784 
0.11595400823666653 0.3586298156036626 
0.16721029346422786 -0.008828543467611694 
0.062229258537147725 0.31867632576282573 
0.9124337277861272 0.100945134628685 
-0.2226174460903527 0.9981904542824447 
-0.6886736238934755 0.7113217852256588 
0.7749733880530996 0.694191170346472 
0.9680175065960388 0.15137592331723324 
-0.5373185930465689 0.724860361473553 
0.1706645225162306 0.07438021826836608 
-1.023532777997299 0.2632633845999657 
1.0013902695272414 0.18923541434945193 
1.2271787277779516 -0.45342983740910064 
0.06729750435521611 0.40589547556002736 
-0.9133389549621365 0.587835472512764 
0.6588180103361101 0.7097947687355461 
1.5081206827107974 -0.40701568576151675 
0.8153134929103758 -0.4734726387173828 
-0.8226895951144306 0.6612331642903287 
-0.6784455131322216 0.6725660003604149 
0.8254599336783977 0.47738082594738357 
-0.416964940330486 0.9280289328268285 
1.980376549120401 0.3948928747825891 
-0.5335642541432736 0.8819569567843124 
-0.9469740240809588 -0.028111266778912448 
1.0326618253718194 0.2743930836058857 
0.26925404250563467 0.970558480675645 
-0.12690263971204957 1.0779375294082223 
-0.43876658394636825 0.8768646644337219 
0.4349389743981568 -0.3711316956472795 
-0.2161506136112613 0.934545192518782 
0.7749529118902958 -0.355191509313471 
-0.9632371702098855 0.3029145761118706 
0.6680528354784312 -0.6051123146805307 
1.4052395612138853 -0.4583098890654106 
1.4510834137066835 -0.4201927950290913 
0.7884818396476425 0.4979283104542849 
1.263697727278322 -0.4585465085891731 
1.7741957449067838 0.16175611662902414 
1.8302078190765847 -0.0627487986511347 
-0.2244902387778679 0.9502508692993912 
0.11961066864234221 0.05368294712346898 
-0.2904381070698524 0.9888357311995695 
1.921705512052621 0.12420327898949582 
-0.36030781394531985 1.029951997098716 
0.9868946444048848 0.4507434500549503 
0.12318124878461575 0.9856517496539885 
-0.24419097694171182 0.9048774335829276 
1.4000973104017513 -0.4486659972816075 
-0.593533270786282 0.7342541228818438 
1.8103852298579557 -0.019394832803443743 
0.17655490074125335 -0.17168574564109992 
0.26964902286155307 0.9953987009035583 
-0.028624731256438878 0.26741369630872236 
0.49509744262296657 0.9168453048994849 
1.547267022848208 -0.23805285091120043 
0.13348709331405972 0.16869232767629777 
0.28147765253073365 -0.1406960907755187 
0.14247996509048025 -0.036537333272172665 
-1.0414169219730258 0.354655162499747 
1.9898708471239852 0.06489958550350892 
1.8706166403286593 0.15986165721031517 
1.0445746799569737 0.02105141922142712 
0.26938441897475085 0.9062600205150795 
0.9757412704722056 0.10334128512421045 
0.8795838164177782 -0.4715842435573598 
0.05340233907419986 0.3370598434644427 
-0.075817262788952 1.013560340052539 
0.4894509866293286 1.090140444102866 
0.9584107374792805 0.5862018061868348 
0.8735545027066073 0.4082406811140598 
1.2201898627772598 -0.4502275339378178 
0.13180062561334943 1.0347372244652944 
-1.1323231322282215 0.1730010333973348 
1.0574372398326912 -0.5346551720091484 
-0.8825596626596987 0.3707706483693437 
1.2514151181929134 -0.5193325287890961 
-0.9563346845373193 0.6012472579070669 
1.227798158959751 -0.44352342613083356 
-0.6864632225227609 0.828946378301634 
0.3577899810173758 -0.19208949696259214 
-0.7049251388204155 0.6898026256681052 
1.7725217929192882 -0.13852489040592247 
-0.4270254622904103 0.9090331083599406 
-0.8813302990613837 0.3828223414120995 
0.6565247020073817 -0.36839114750475965 
0.788494968346318 -0.4273036875022519 
-0.8496093342206233 0.5620109035067539 
2.1012260091200763 0.3901879053590463 
1.9460581562157762 0.05574608191911069 
-0.4764549231854483 0.915197150814824 
-0.8871396259342911 0.12146506767242513 
0.846501256083928 0.5948351745760355 
0.4239082637550662 -0.3330415502109756 
0.14652056831512522 -0.09566568116295002 
0.7246504963764846 -0.478036445968378 
-0.9846849724239058 0.23782482074390893 
0.9881619122533016 0.0050781581723911146 
0.879777525281685 -0.032855134430085135 
0.7571945320617585 0.605766668993279 
1.7278478268192958 -0.08308401661174555 
0.7938727756163372 0.585977629324408 
0.6531519363786709 0.8314154672841493 
1.7341443770619422 -0.22520343251126862 
0.8434702801214241 -0.49759099149807556 
-0.32453378138117 0.8666601121366988 
0.33878759415957904 0.9613414593206415 
0.3142359988116278 -0.07630260326318268 
-1.0969065023825062 0.05520623457461325 
0.5195362603889798 -0.2919079501825931 
1.9410894980615623 0.2789514620204815 
1.8734396063445715 0.002247662532370548 
1.3705832040006574 -0.4801456208401696 
0.6199364396170274 0.7783758476962681 
-0.05600509105649606 0.8729953685124058 
0.8070427528597215 0.26382934726012813 
0.417063919312561 0.9545443047985805 
1.0507419463227075 -0.01209979302983187 
2.072738731091459 0.5405366479804874 
1.1742489638700395 -0.5555114072225341 
0.8781700933571186 -0.4558489255654706 
-0.7583315332149411 0.47436874937071966 
1.3511751226604996 -0.40204443983054905 
0.2423005268097156 0.06439995736803227 
2.041494041685785 0.20158350229778288 
0.4567940746898275 0.9525848048589293 
-0.8957706541219461 0.22241511181985693 
0.5629471755907148 0.7101285653493168 
1.949157444270071 0.5153141205378496 
1.7537352448340175 -0.04316262810807462 
1.1070729478971078 -0.5461932438110011 
1.4136189817200004 -0.38076932697954496 
-0.9235000190397942 0.43400398854960137 
-0.6986437267592025 0.6943756078778365 
1.9056740317382974 0.5766131359467892 
0.07956752033673285 0.12087894935281544 
1.8498247670631889 -0.0740839758697463 
1.0644649328607612 0.3333224424365996 
2.0519566533558415 0.09550813199686271 
1.7672716288869117 -0.04066341949277658 
0.8309452392372332 -0.5077831443080734 
0.6708703069692307 0.7730757307447538 
1.4529460937493548 -0.440519823510588 
0.8135742397700505 0.7336625819535648 
1.2059070041065592 -0.4860314581940426 
-1.035690892344609 0.13594218776826003 
1.5711731607980521 -0.29140479828423027 
0.43598382855327317 -0.29640016121880813 
1.3908555444564183 -0.2394951072210279 
-0.25043101065185747 1.0940731051107422 
1.417373578594277 -0.5319898602820567 
1.8751749273178464 0.22161024392616244 
1.5832353455781343 -0.2592005158578397 
0.6414736910994366 -0.322391198210616 
1.3724764810321022 -0.4664644876136002 
0.29709604512970006 0.7374015508848255 
1.5695834277423588 -0.4087322563797073 
1.0506352434087551 0.22714381028168984 
-0.4383710655357813 0.9427015945980506 
1.074850421085251 -0.5748167900951793 
1.8805416279077984 0.563711154786772 
1.5164188968809276 -0.32590459442474345 
0.6658606315958356 -0.46686827371958906 
1.9638905781877494 0.12999314391971029 
-0.15934719586904433 0.9278456064446168 
2.0480378789939064 0.33277838983043767 
1.898208662173284 -0.13246120389142393 
-0.02096003538601109 0.9774164294675324 
0.7737098449030108 0.6497293679527202 
1.4094802483703883 -0.433559487335384 
1.0758521043059794 -0.044161875812165706 
-0.8155360784182779 0.41672206110896126 
-0.14185466478189218 1.0446879559428441 
0.16006370215780952 -0.16376720951867335 
1.7671288293776857 -0.17066326558467296 
0.6570516526001484 -0.36668763098880797 
0.7486646585294491 0.6198845897112529 
-0.06133030328022032 0.22995838794134893 
0.15080659106326527 0.9707730431167503 
1.6067332613390823 -0.22509194125703702 
0.22789853064520443 0.9174493844817803 
-0.8866019430164243 0.7383731513238385 
1.3779478590124214 -0.38406121018075257 
-1.0060311188624687 0.08870783235576785 
1.478327605929902 -0.30858984974022824 
0.21419994269778536 0.9733679277640347 
0.7075402666111908 0.6700302347557767 
0.05947404235191157 1.0126544557670376 
0.2452932231090434 0.8582025432740057 
1.2708233622354048 -0.3489379466578474 
1.9628662475078062 0.30309991744838327 
0.5152961137072498 -0.37493767780494414 
0.10642847661391253 -0.21596934509237448 
0.6770554300655437 0.5512933843518406 
0.8308674981831069 0.5100682485830437 
-0.6914521305271559 0.7429630438705161 
0.29285651551310915 0.9291236667544822 
1.0649595451623233 -0.4343813910460085 
-0.878307634178979 0.25608241088220046 
1.9481924511433426 0.43220252234900625 
0.5741492625685615 -0.4408113636859428 
0.050474629750860416 0.3516121065498839 
-0.5568676580205765 0.8380121232673331 
0.5517163612661571 0.8502704432700818 
1.9664146522127353 0.11111352124139406 
2.029430374673525 0.008819802934139274 
-0.19044009354903185 0.9486759860877645 
0.036017872160984774 0.07923841780436762 
1.0318890730818675 0.15835144790399439 
0.9766386007507923 -0.5465868773107965 
-0.7177487193008686 0.7123706803163058 
1.162326524471187 0.26718568594083675 
0.09442404685833386 0.17193796979530884 
0.2814006818223188 -0.10186082775160847 
-0.20301809323083897 1.0088189534160719 
0.7439674584853276 0.6634689727741545 
0.5683137194644627 0.8687646480355689 
0.44728911874578653 -0.29032988212180155 
0.4914150362063575 1.006901539575135 
0.8281109449537083 0.6685353345759507 
-0.4481604974558034 0.9204895215199084 
1.5022240865019019 -0.23361240125976074 
0.06841171478084578 1.0338522681661733 
0.5158440459322197 0.7941593605807057 
-0.47437520289118834 0.9819254379116317 
0.1854785761184875 -0.11083936169878887 
-0.06713239042495853 0.33024438002165935 
0.3703238436581443 -0.3597820335242382 
1.5333517549564128 -0.2706476199403493 
0.7506702965509477 -0.5410797167905756 
0.703406158442996 -0.3277078499747539 
1.2773925917406148 -0.44651590280446796 
0.42847833827528775 -0.3193030929343994 
0.9667376750237937 -0.006861553605699238 
0.9192521056341192 0.5142967945737504 
0.7904830139111754 0.48253053974216936 
0.9883690631139126 0.24938647478075956 
0.057892697401813464 0.8624235208761436 
2.0312888331158825 0.3552274630078438 
-0.998329482289208 0.06846321049606545 
-0.8770401159927605 0.6638240760230683 
1.6769454759677949 -0.2024806140109161 
1.9226798591492116 0.41920989515999885 
1.0364822202358914 -0.482517879337924 
0.29048305470629066 0.8425307022838706 
2.0605995443190523 0.1675028450863339 
1.0176328223176558 -0.5350262602501847 
-0.7244974786718476 0.6526266544759959 
0.5797798053884449 -0.43692578841073093 
-0.0033114339515897817 1.035573460913054 
1.7077392311800774 -0.2653869619012923 
-1.0006995444929199 0.14195122621296624 
-0.6552472968037893 0.799033639307061 
0.970599604420294 0.27355068100487406 
0.1530977137346688 -0.038184490396981435 
0.2412075936595695 -0.02168174545044714 
0.3435738212111936 0.86734276392825 
0.8990873939651473 0.3650304802112708 
1.62689023166574 -0.1588825127536786 
-0.9186104787549975 0.2951069069649987 
0.1285538093736459 0.17877935613671975 
0.8170847060823859 0.7560522343843752 
1.2262538211965333 -0.41252775228132976 
0.035799791870406016 0.2232332414588563 
-0.6859571389209611 0.7775554934236077 
0.32901820995161557 -0.2722440408215481 
1.0095177888783162 -0.018842438631058434 
0.33178138106020816 0.9352952220730459 
-0.9297809938525509 0.10656823867828726 
0.3582790702339324 0.9492181127718105 
0.9787281698413919 0.4476461506578205 
0.8438464009105505 0.42584926269692913 
0.4108280512573491 -0.34725652655972866 
1.5192068442614248 -0.3562767185083173 
1.4038694651384176 -0.4258535090585397 
-0.2504230680284355 0.9239265065524884 
-0.7224864247878038 0.6024374910099323 
2.0558162315884547 0.4286311124136932 
-0.18634614756771933 0.9945298614606272 
-1.0228171842943699 0.2550948807398241 
1.9373619111192824 0.17904722324190817 
0.8556179340940172 0.32630739568724343 
1.7852893540155657 -0.021642029230014057 
0.33973339304470407 0.9498075720705011 
-0.8787495844985415 0.3300260643519962 
1.6795695121753151 -0.351188231650533 
0.0829697130097608 0.8726203369340242 
0.7223694626293451 -0.5623519992412025 
0.9412042281650724 -0.4043066735174711 
-0.6566532599006467 0.7565294270336607 
-0.9727488050874035 0.21633338748489003 
1.1969779736919013 -0.48804472394949877 
-0.959018561179428 0.34057016887973557 
0.6945233479614619 -0.6175053165850982 
0.898809656229664 0.23932362748804928 
1.0829458092372153 -0.5251373127872344 
1.9982399156542718 0.44449133065530266 
0.29489972144211596 0.8829801664529867 
-0.7535945198792549 0.5448882484231766 
2.107929776543064 0.3250459949135417 
-0.7402348227241892 0.5011308576185753 
1.8824654447370959 0.09723774898991897 
0.09164671752782147 0.04809529984302616 
0.051262567129637795 0.8230623768653547 
-0.316525887475806 0.8905038947817546 
-0.40821582453954064 0.7116017510503636 
0.19530000692313088 0.970536660861973 
1.9282821015185856 0.010839911960341543 
0.8819215500659335 0.4970860227973989 
0.35724282291577847 -0.16373739078652372 
0.8531616512474279 0.519384926905288 
0.815179254016219 0.6803043429707487 
1.9483941863967185 0.23863843871482854 
-0.6909685062849877 0.6690620646217835 
-0.52050328171385 0.818329958278073 
0.11552439019835777 0.9867877272322335 
-0.8025308111882447 0.38843532249886353 
1.9756711159282065 0.23717792464870327 
-0.9096188109229844 -0.004266451170710358 
-0.836622298549317 0.4554004041304466 
1.1051204656534657 -0.525513649004135 
1.9167615646232752 -0.023322234594069784 
0.4707635659590492 -0.3095682919454549 
0.9071267421189246 0.27192978077512264 
0.3285175963444843 1.0483035303781274 
1.013802984626418 0.14887355963016427 
0.9541505016414967 0.27843724973372574 
-0.43162984744887045 0.847153902183371 
0.7398909332331969 0.74739033077606 
0.039033480910603144 0.4297789406402053 
