2 500
-0.9579259103043012 0.38370900730576296 
0.0297813731625566 0.9603969813709536 
0.8858867486537273 0.5423695824610402 
1.417045867724998 -0.4400421961390726 
1.3314796545332324 -0.5133122848652548 
1.3217927489469372 -0.37026870892899744 
1.799766188061936 -0.045205167062760176 
0.05580409870638229 0.37718602183390676 
1.9440403361925924 -0.0018426430334178463 
0.11299971600062057 0.0839194299163324 
-0.4642078734002096 0.8386337401047533 
1.9894107642670285 0.38378843230900844 
-0.8527859671741365 0.5865189163961336 
0.3228230802060622 -0.1741987015951581 
1.9696959983344355 0.5442487735808774 
0.12676269426696726 -0.10507458812272553 
0.06005820782912038 0.37254804890803483 
0.09957395416177409 0.5894840095282903 
-0.9482694607595018 0.2819041349601388 
0.8910564126259193 0.6174075447696262 
0.9714958410721053 0.41302440526382966 
0.20616240428253352 0.9509916473267955 
-0.053483109687459215 0.9204769084691898 
0.08896170610714557 0.38830516820539346 
1.0208028099323125 -0.6001670905407832 
0.9761277686626898 -0.5195649045978991 
1.0131554888999386 0.16800335058962784 
1.6298532679633972 -0.2523525302252296 
1.7379129085035199 -0.21039453900062166 
0.8984762967507304 -0.561549066216366 
-0.7306900779470622 0.7952887264520854 
0.380736151677492 0.8690549152039472 
2.0300222955044553 0.22132161737593803 
1.003120995927667 0.24884213707102246 
0.5446798067221623 -0.4224711736553856 
-0.4478333189890553 0.8809891139515171 
-0.8069597436324666 0.681666643645969 
0.006858299477345266 0.40634442382088876 
1.0878215334592436 -0.4788662567800815 
0.8189205015594374 -0.516077826991017 
0.7867259093766767 -0.4329787363895142 
1.9264418242590888 0.09664593566581892 
0.823987459149222 0.6047698942160725 
-0.025278582734296846 0.3725530467974485 
1.0325691060397302 -0.49182026511122323 
0.08115720060048372 0.9486051715730037 
0.7835410858025762 -0.5139906663353896 
-0.9778778599031074 0.3349518074465116 
0.4658350334916215 -0.43287731609617086 
0.9625717678735946 0.24338042793880876 
-0.8627037026381286 0.5665632230216165 
0.5617134901682374 -0.4879711845028185 
0.9298705105797679 0.24119976285066658 
0.44088658608264253 0.7495530669445585 
1.230014559868645 -0.5688302932291529 
0.088334827996496 -0.020862537478424713 
0.300501279327225 0.9001535318524795 
2.0188982220640024 0.008403886763011181 
1.1842002036698152 -0.4301789193960086 
1.4141076711284435 -0.4180927962500751 
0.6953550148205327 0.80982958790698 
-0.1999959987329265 1.057318221168587 
0.15486735608355756 0.37062697270891964 
0.06794516696896087 0.08184126125250196 
-0.0549483765124284 1.0478157780485873 
-0.5004859710449122 0.8777927135443282 
-0.8468157199210198 0.4945715502710528 
1.6388318463230065 -0.3204422626755598 
1.67790925971084 -0.1967600647023685 
-0.9204022660088991 0.2286688246667612 
1.3109556317332927 -0.45276605067638614 
-0.41042563740193483 0.9668141860703325 
1.6773171212026146 -0.09807394907420136 
2.002700455709698 0.24214237051033524 
1.6964875859341992 -0.1880877476686939 
1.0630827829082703 0.32875577299553166 
-0.9869821149648386 0.2773290436680484 
1.7789350325256341 0.15240897690163777 
0.9390981792852631 0.11491927421740974 
0.09693450151877793 0.9210937875909687 
0.5179328300242025 0.9194541553394803 
0.40604895287283976 -0.3151329389375479 
0.34411007058470444 -0.3393181402534387 
0.13845342437804586 0.07667151443644471 
-0.3636972844459279 0.9102048295065914 
0.5162110841462957 -0.4771396033274198 
0.7364460781168478 0.6793614071273992 
-0.8079452680205431 0.6281750372888559 
0.1762026316022386 -0.2723064621662528 
1.469623577403223 -0.22629232079643144 
0.13461264871208406 1.035673571440152 
1.2893789581920694 -0.42473589609957396 
0.5607557662268062 0.7781096091804278 
1.2468670466365033 -0.5203269380703268 
0.8327320341993599 -0.5014714242922037 
1.2487243505865018 -0.45241277335574653 
0.1485283325070465 -0.11256995361163406 
0.353508905576391 -0.2044406095778287 
0.12157104458183864 -0.08680494464655114 
-0.3072583642631006 0.8849080027995431 
0.27222635786704885 -0.19453104966536744 
0.6267532527095776 -0.3872994468686101 
0.26130393175848365 -0.16807420520641253 
-0.7208481675853653 0.6207897490001923 
0.7813357479307219 -0.5492968696379715 
0.1637672264107612 -0.2458408570817494 
1.0913441747892894 0.10271179468690453 
0.8100956369189599 -0.4198054155759982 
-0.48290641552337754 0.9704789312006745 
1.8920071112147332 0.019280133802913057 
0.8639839656360622 0.14850218172098018 
0.462397877339493 1.0774203223270575 
1.520380814565365 -0.44157962750694435 
0.5656564726514167 -0.5190445341136938 
1.6300308555946654 -0.40009691748411225 
1.872413978405492 0.3069116656205807 
0.277135984772359 -0.1491697030804307 
0.8147747513701628 0.4913679550018972 
-0.7686517123093581 0.7756777768239602 
0.7269702625421989 0.538490082213991 
-0.16790703544306518 0.924557404133942 
-0.6617206726426228 0.8904461662114329 
0.8675846542291035 0.6185492484326276 
0.9524542096159117 0.02725592607867451 
0.9979839526588392 0.3196598695663206 
-0.6151167043990696 0.8333546848272161 
-0.09773697515295168 1.0617491541643322 
0.5582304965833983 -0.383600878880472 
-0.7888760629683579 0.7626560789369804 
1.0383823781761505 -0.41710176944930877 
2.028491863816967 0.35189237789606276 
0.4846945712237957 -0.31048833595846903 
0.5154524647954948 -0.22493526425502208 
1.742049829884435 -0.1336865852262373 
-0.1434669496957574 1.01930477080887 
0.32966722262295883 0.9752572881350948 
0.755530565479464 0.49778175731912006 
0.5642493941356407 -0.2993110256926843 
0.40261694183607855 0.906169618933673 
1.004048574156557 0.23294182773693586 
-0.376953428908848 0.8423069110316935 
-0.8110018638823466 0.5410219770480349 
-0.9991008061971688 0.06494148482997227 
-0.7303769329438615 0.8415447496789205 
0.8920261088931798 -0.5041609938570439 
2.086952452728751 0.3168980534697872 
0.1967773616259894 1.0423917224674335 
0.39034826168429354 0.8871993759395445 
-0.9262642722132236 0.42481476790036843 
0.7936006717287496 0.48169406576372054 
1.0204742309188513 0.16807293569092935 
-0.8643321824134774 0.20417571002469065 
0.39982071846781586 0.8104119438947288 
0.6884287346271157 0.7669507829928925 
0.019780559207164844 0.9689874071074356 
1.7892895709649042 0.12382452169497742 
1.6946687242782041 -0.21864696700341185 
0.08182329930568336 0.05121582109941245 
0.015385586581483018 0.9727669812506095 
1.8759582638234602 0.2102189135185821 
1.3700452919016701 -0.45786301914070937 
-0.12751079208523233 0.9686707025376513 
-0.5188538747124358 0.777481999060885 
0.8163313082541532 0.4157638571867181 
1.8191422159290913 0.15095988089725149 
2.0009840578458347 0.5591961726631708 
1.4275841386967782 -0.442506207458911 
-0.8950018556291257 0.05143642808496005 
0.08367106503206105 0.11331273577531509 
0.7431405464394447 -0.5022280765281862 
1.6136995276555444 -0.4658049641887938 
-0.7905372060872006 0.49741998484040606 
0.04635057743571492 1.0243713286999507 
1.5928110423451598 -0.27213881018230657 
0.7246731472703756 0.6711919533712946 
-0.5336046176473165 0.7702364965061669 
0.644533769290431 0.8144178990814361 
0.19461022977661507 -0.12604449862451728 
-0.3495867701445258 1.0050299570647485 
-0.5346967200860421 0.9252580967859548 
0.5549465508559943 -0.3579032055032347 
1.871445697850615 0.057688655352635496 
2.0456303390259025 0.4885292871248741 
-0.9385738791867363 0.12499007910211134 
-0.03177484552310801 0.31744979750285673 
0.6790374219654456 0.8118258005790069 
0.8555971619308425 0.4846601344816824 
1.98493318482999 -0.031795814538993106 
-0.9815914176656507 0.3783754679500429 
0.6178442342368303 0.6851820406637964 
0.8620105450441908 0.5363466003630702 
-1.0157907105752266 0.3222361307240565 
0.09100494081071431 1.0161344903553202 
-0.03938491172103975 0.8498518604587689 
-0.09838941934178544 0.17744050698642222 
0.48860377089466417 0.9409683784124454 
1.946784091153152 0.03431003598793344 
1.7014995807148887 -0.21055389804782626 
-0.021049930653376354 0.33897988540938173 
-0.8283869696630806 0.4217572513702503 
0.9918230321932737 0.17294864018001097 
-0.5041637411146987 0.8258117706020481 
1.6559022922394862 -0.2642721102776795 
1.6295779457074322 -0.2766994398988365 
0.9048289588161971 -0.1347310555616402 
1.8466459059296405 -0.0884319163456302 
-0.006566429232120266 0.20363349474308612 
1.2289380001704033 -0.48621277474777636 
-0.27114221211033845 0.8335758821948154 
-0.9495923780427815 0.1674808016692701 
1.052174154804488 -0.6082676937929267 
1.9903374428360912 0.40620856465066507 
-0.5719597063458388 0.9150020254406158 
1.002443277360327 -0.5692217818758455 
1.1353277792707792 -0.5231615974400681 
-0.8903079031278136 0.4887593749839197 
0.12190965187849095 0.1536776480071322 
-0.9750337652500541 0.2894135015354479 
0.19290935935158723 -0.1605684386660096 
-0.05292954839783576 1.0176495685504963 
2.16147423564468 0.350435295402396 
1.0091316423588899 0.40673347975069346 
1.749082508923832 -0.1268957610404142 
0.2935695056666964 0.944758816735315 
-0.15038740655377722 0.9500992999124227 
0.991136291749108 -0.49909048191682226 
1.6085895076498056 -0.3628695614479547 
-0.06724996374055793 0.9001529944611264 
1.2066166205863569 -0.5073855731418404 
1.9165180811921112 0.32643696251750776 
0.24983172039819554 -0.003985767252270275 
-0.0413519484314612 0.19010403974040901 
-0.2775472942646336 0.9432912767456836 
1.5539572859528943 -0.398248746570412 
0.08522351395828089 -0.16194721653814353 
-1.0369735644682891 0.08263921354926977 
1.0168757225649452 -0.05190849853881832 
0.1438037208464738 0.2922743094077678 
0.029602632177372086 0.10044657908255049 
1.892761130928616 -0.16088882450702172 
0.6942700909713643 0.7396371533637882 
0.25512590485804376 -0.17253644059451556 
-0.8791788314562058 0.29102564920688584 
0.44711412375340875 -0.3046191014222918 
0.1114293833440512 0.9103756980332189 
0.8579636904428002 0.7258549591536491 
-0.30840272731090934 0.9660929661410645 
0.6065255847326831 0.8350941001947572 
0.12096062071455571 0.9043415821581552 
1.4168430470001414 -0.4382806478429272 
0.3097290561549091 -0.4512435372260387 
-0.5336946367760395 0.8885853184704544 
0.3552254856093756 0.9850977414965687 
0.06610666548642677 0.4463927473853222 
0.828264663658665 0.7973553618314918 
0.9270558611036344 -0.4851066385450382 
1.4309143564793616 -0.42034884101803915 
0.22878347399485371 -0.030671788828239253 
2.006166168594081 0.34032755497573364 
-0.7570300343113238 0.5915679836035374 
0.3337272127050886 0.8993883677789661 
-0.9425461062731608 0.4925930351000102 
-0.5360684854752717 0.8932885976020579 
-0.9744928566583676 0.33938929513862975 
1.2380369491477197 -0.5231296193124694 
-0.6842251604786371 0.8530939411528368 
1.9269931827707825 0.35329202089054224 
-0.0074353034177925 0.4553355011776798 
1.7350726178761195 -0.01006155108705685 
1.9873328295691137 0.16410676435507326 
-0.2985004140690976 0.9393317446786439 
0.04106224161399886 0.11364903515153789 
-0.7740494394773488 0.49100250905741627 
0.23758841080495535 -0.25955968881875996 
0.8317299947145664 -0.5553893339637516 
-0.20031207132126377 0.9403815040482365 
-0.8951928404670189 0.2720647265464762 
1.2172470230999741 -0.4137813354309145 
1.0908499793286714 0.1553138828823608 
1.9154863002091038 0.08909057480131705 
-0.2888698973803078 1.0066914488014655 
-0.8429909346976826 0.4128877958736396 
1.9128221285096745 0.2960529952429578 
1.3363294128228211 -0.43345385840658923 
0.09966418440070843 0.06367416496069 
-0.4136196789609553 0.8569893121988004 
2.0481560537802457 0.4531680303498754 
-0.0948151674705876 1.024421377165876 
-1.0838416626001803 0.007415036770036592 
2.0819028196714395 0.27436395477369013 
0.8462795174999611 0.6349877796767247 
1.0917783678420203 0.1497996977594538 
0.7191778668474633 -0.44599116651719123 
-0.11283291380122645 1.1293458987955238 
-0.16637470130278428 0.9844603969855324 
0.8758942640650096 0.21257782453216809 
0.981920115964053 0.27661923148319206 
0.7114300115809281 0.8083895751168488 
0.8681415277787361 0.2226537620404166 
-0.7485034746623033 0.772381779508795 
1.7170559148583577 -0.2643501499288283 
1.1781251819358505 -0.5311732047266723 
0.42887686171860095 0.8727722268570424 
-0.43189799159980546 0.855234347285733 
1.8402602843274514 0.30470343456210874 
1.2179789287289517 -0.4944044392890233 
0.8508018376910088 0.4928999282864885 
-0.5595636261951736 0.8124476048407888 
1.5803283481240253 -0.3710896801388272 
0.04751199322184544 0.3629824900403904 
-0.964527152444167 0.4486558951160108 
-0.8526255910576552 0.5639170575483012 
0.2920823478659468 1.0431327702234179 
-0.5028634676832526 0.8796013067665817 
1.9032306682740174 0.10776936173818377 
0.002845539737911351 0.16076615897380891 
0.6952607963784276 0.6863901039545808 
0.7264394563056444 0.7658454272459456 
-0.91934280729454 0.23328698017390845 
-0.36417565626077175 0.9235353280886627 
0.5169505975649678 0.7415150870496077 
1.9036988936245547 0.3292429204791444 
0.7058067177243749 0.7479243389143682 
-1.0305681834478315 -0.021432333832970538 
0.9549818944930566 0.025041033645134214 
1.6135332532874354 -0.2839467010079828 
2.008680574366639 0.46770706568187226 
0.3145828411614792 -0.24323436020469474 
1.419827579811096 -0.3816402791494298 
-0.6251997559452542 0.7510823902321629 
-1.035086315363737 0.259750133017959 
0.4449583239691858 -0.25439504145895364 
0.46787497703346687 -0.15104830746913828 
-0.3528630548225495 0.9775516607077115 
0.2798921567387528 -0.015989999374001668 
1.204484539073119 -0.5640956170113486 
-0.3881899669627479 0.7888395727142776 
0.6008805330714664 0.7556207250205649 
0.3355192877248496 -0.35983387469304834 
0.5953595127148253 -0.3978982795497407 
-0.7976804147646713 0.6887580486923892 
0.2608804578208668 -0.03346894336396746 
1.1376520193207056 -0.4709535470609292 
-0.8675489925540103 0.3491799092649136 
0.6201107982105738 0.7671944860136946 
0.8939037935099281 0.5072936253498666 
0.5144945660981742 0.8464544031564967 
0.9090454558527976 0.4283992147174637 
0.8369152798577589 0.45122658206294214 
-0.30293964093904635 0.9032767230688109 
-0.6557347926337297 0.6838058134576281 
1.6941570100744667 -0.1289554556299587 
1.842134619619182 -0.2489430703556666 
0.08616908200300111 0.404919679608133 
0.4179422672463364 -0.43578576065329055 
0.8961578371994947 -0.4085950325024056 
0.2637371760590785 -0.3633297449666898 
-0.9526044373324108 0.24033170618031022 
0.6183344694957155 0.6960825630961004 
1.062193796060217 0.12396853228963456 
0.07641813065058728 0.9725731344317267 
0.9922975307234028 -0.4232595789085039 
-1.0227676921618556 0.42559361210905655 
0.8665741797100919 0.31513848168436676 
-0.491937382171247 0.9470514648541872 
1.5260900280429237 -0.37303053603935266 
0.0227369450635125 0.4368540281130351 
0.36347916618856246 0.89710759745058 
0.39007169501774247 1.0489054231618775 
0.500917542404153 0.8686178352546301 
0.7939364910321641 0.6619322807784166 
1.9780388469738608 0.28584852802245975 
-1.046492907080135 0.06003605377814145 
1.8436485565778855 0.058819399473182606 
1.180522242166757 -0.43406261145909486 
1.7195353122221357 -0.18224898063415085 
0.7178280429916096 -0.5261489376538325 
-1.0106308914361992 0.06331462196198047 
0.22913060276371555 -0.31845475973762183 
0.9271948069143479 0.1428002796194176 
1.5941804165372757 -0.29812703877481866 
0.07444794216704312 0.38751267250352894 
0.11251415878433697 0.9600725316207241 
0.17010028583818584 -0.2368957048825829 
1.086502036945666 0.1905799565524112 
1.9567297070250402 0.323383953120291 
0.01292071482804237 1.007849938525349 
0.5775240039529185 0.6965241832149951 
-0.8991681082725783 0.15713245981012733 
0.6721249062900397 -0.3687086124422039 
1.8723693617557786 0.03268107665253632 
1.0633021659843387 -0.5238516331704197 
-0.15882525025850475 0.27176135525077594 
1.8984478554895874 0.1674030879925771 
0.03274203062362843 0.9394558003224456 
0.9388700971977507 -0.5266914170756758 
1.1432681124234572 -0.4151964464189476 
0.9254304474496248 0.2952582774724989 
1.6213981517617353 -0.40013662629869495 
0.6662680633130584 -0.49066776481636915 
-0.3334489995294864 1.0410585931413194 
-1.0470040486183865 0.12283428187263322 
0.4057731000603291 -0.35266386096513097 
2.0003936430404123 0.22306962591380364 
0.369991461493133 0.931554493188943 
0.1804662166205161 -0.011846228350869598 
2.0218979578493035 0.17506726847506954 
0.3333344205171609 -0.31549541312988166 
0.6177588646615992 0.8554815680533678 
1.7770475507231291 -0.13959317479462172 
0.42248419356774275 -0.2199525455458996 
-0.5982754354088003 0.8648709266552552 
0.9628976045720056 0.11139935492603081 
0.25020520986798633 0.07346739718465622 
0.10484963283389956 0.056491576842051056 
0.5206092349692204 -0.2923108623001706 
0.07871655348718112 0.056371600550938386 
-1.0850152889726512 0.12077188761569309 
-0.6158814754173744 0.8782484974551896 
1.0343568774624745 0.29931196531893034 
0.1373841420021373 1.099954707302388 
0.2831134510852387 -0.15884995821597078 
0.34458385238673617 -0.11515899971304103 
0.9147495059771426 0.4989839671655353 
0.9318344357391626 0.5235386921816995 
-0.8364628009879568 0.5532660113018467 
1.9671182584104938 0.5135739478222886 
-0.7205361146658553 0.6456611970506558 
-0.08476424994409382 0.9192593048464635 
-0.15923355092014702 0.9455924205021029 
0.7380603743436043 -0.4449558741760219 
1.761922181660601 -0.1004492784968185 
0.5414591262021798 0.9209136719118494 
0.8865495760151044 0.14373198614053345 
-1.0336737001273286 0.2346188182124063 
0.03131172619692414 0.32565617566015 
0.18559374295285236 1.0190675471411683 
1.6741463421401173 -0.060224494482406445 
0.46727707865512214 0.795304157336802 
0.062072194804212555 0.1729520519404738 
0.5611364244535973 0.9080389492682548 
0.7171859606081322 -0.4967949320069914 
0.3348965604722275 0.9449702445652164 
1.4497156172285457 -0.4249806224731561 
0.7222404288162675 -0.4756777207196738 
-0.6854084967770906 0.738415108629052 
0.19616213848732464 0.8674092934385771 
1.9271471263088327 -0.08725594965040369 
1.3064871427946902 -0.41911537945374877 
2.036507544617654 0.47296055191876407 
-0.703459363610789 0.6153694854545545 
0.5257957418804414 0.9600873310043212 
0.6882127408921277 -0.5189095166303761 
-0.875119280910219 0.5238562374244433 
-0.026407223162341238 0.22379106406215646 
0.9628727969016366 -0.4805004547517128 
1.4156952020079818 -0.4744455114153634 
-0.9536223142693032 0.338365275911246 
0.9451743836933121 0.3578770184873542 
1.6743600529411964 -0.35445517901278867 
0.44375554889583685 0.9221778157441978 
1.5235476645350137 -0.20043095884589018 
-0.9750116836088086 -0.034012223092675126 
-0.4535455013150194 0.8573702238763128 
-0.05936388492588911 0.904043212503595 
0.26678720867561884 0.9074091637066579 
0.9504878008107213 0.3263250049439949 
1.2948279615990759 -0.4818161939796877 
-0.8488796557999989 0.42768330374556174 
1.573309545819528 -0.39176858829589184 
0.38266410782783755 0.8871305922888081 
0.9372573111669636 -0.49665906006931393 
0.7550304720995964 0.6524317496959094 
0.7269542899300958 -0.5157350447295508 
-0.08425088093452471 0.2547688435807348 
0.897939778419792 -0.4568186597212846 
0.17015261514020671 0.20673368934082884 
0.19197879113740188 0.043838152885193375 
-0.732348881955603 0.8063044768644567 
0.12352156457332028 -0.2814087125884911 
2.112383306762546 0.27813789701813246 
1.6957296355217364 -0.2258225036463576 
0.9117525169376735 0.7009278740985752 
-0.005090287482717514 0.34163894045193416 
1.0742187879723675 -0.0029251041472160913 
1.1573617604477426 -0.40361071202072046 
1.814664465159312 -0.1804774611655838 
-0.7501226095000065 0.653342105371257 
-0.9619630205635015 0.3221526699478139 
0.7130551355049068 -0.33325119330379316 
1.0525742232735498 -0.47015703551570504 
0.7612260607017418 0.5356649100522163 
0.6364385319836704 -0.5223924960019783 
-0.9526419186437766 0.3900267845839849 
0.972351759391224 -0.46232027540175286 
0.1421703507197337 0.13700845220125035 
-0.011501845562985832 0.5075122551340405 
-0.8466137167235018 0.392378387551363 
-0.2664717512639822 0.9485756416319598 
0.6946676056125931 0.7360379305955492 
